200 9950 
1 28 1
1 76 1
1 90 1
1 179 1
1 145 1
1 167 1
1 62 1
1 59 1
1 114 1
1 174 1
1 141 1
1 107 1
1 125 1
1 155 1
1 35 1
1 22 1
1 187 1
1 150 1
1 200 1
1 36 1
1 56 1
1 160 1
1 175 1
1 158 1
1 38 1
1 18 1
1 55 1
1 54 1
1 153 1
1 9 1
1 8 1
1 12 1
1 97 1
1 171 1
1 135 1
1 126 1
1 32 1
1 103 1
1 21 1
1 66 1
1 163 1
1 124 1
1 128 1
1 94 1
1 115 1
1 127 1
1 104 1
1 6 1
1 69 1
1 184 1
1 118 1
1 134 1
1 15 1
1 16 1
1 180 1
1 41 1
1 81 1
1 83 1
1 57 1
1 2 1
1 192 1
1 3 1
1 100 1
1 159 1
1 47 1
1 91 1
1 39 1
1 199 1
1 117 1
1 92 1
1 67 1
1 79 1
1 37 1
1 48 1
1 80 1
1 142 1
1 143 1
1 138 1
1 136 1
1 77 1
1 151 1
1 131 1
1 33 1
1 189 1
1 87 1
1 140 1
1 34 1
1 164 1
1 110 1
1 165 1
1 44 1
2 153 1
2 45 1
2 34 1
2 21 1
2 87 1
2 127 1
2 119 1
2 101 1
2 123 1
2 13 1
2 97 1
2 27 1
2 11 1
2 9 1
2 57 1
2 151 1
2 136 1
2 14 1
2 30 1
2 96 1
2 37 1
2 33 1
2 190 1
2 175 1
2 24 1
2 28 1
2 72 1
2 44 1
2 92 1
2 66 1
2 16 1
2 114 1
2 67 1
2 5 1
2 177 1
2 128 1
2 70 1
2 166 1
2 109 1
2 172 1
2 143 1
2 86 1
2 19 1
2 196 1
2 47 1
2 134 1
2 140 1
2 165 1
2 40 1
2 18 1
2 48 1
2 191 1
2 144 1
2 168 1
2 73 1
2 125 1
2 167 1
2 161 1
2 176 1
2 77 1
2 185 1
2 98 1
2 38 1
2 124 1
2 82 1
2 195 1
2 79 1
2 189 1
2 26 1
2 43 1
2 118 1
2 156 1
2 179 1
2 182 1
2 180 1
2 129 1
2 85 1
2 69 1
2 141 1
2 53 1
2 192 1
2 135 1
2 90 1
2 163 1
2 155 1
2 107 1
2 58 1
2 89 1
2 35 1
2 41 1
2 31 1
2 149 1
2 75 1
2 74 1
2 116 1
2 112 1
2 120 1
2 131 1
2 50 1
2 130 1
2 160 1
2 197 1
2 106 1
2 162 1
2 52 1
2 147 1
2 174 1
2 95 1
2 171 1
2 194 1
3 18 1
3 131 1
3 185 1
3 64 1
3 108 1
3 162 1
3 77 1
3 192 1
3 160 1
3 16 1
3 92 1
3 24 1
3 191 1
3 61 1
3 181 1
3 13 1
3 8 1
3 156 1
3 99 1
3 58 1
3 38 1
3 193 1
3 22 1
3 124 1
3 147 1
3 173 1
3 200 1
3 66 1
3 80 1
3 174 1
3 52 1
3 120 1
3 87 1
3 154 1
3 90 1
3 25 1
3 158 1
3 30 1
3 177 1
3 102 1
3 114 1
3 46 1
3 118 1
3 12 1
3 186 1
3 44 1
3 180 1
3 182 1
3 199 1
3 57 1
3 96 1
3 63 1
3 31 1
3 139 1
3 40 1
3 149 1
3 107 1
3 109 1
3 197 1
3 4 1
3 157 1
3 161 1
3 105 1
3 75 1
3 67 1
3 167 1
3 159 1
3 198 1
3 35 1
3 123 1
3 184 1
3 97 1
3 93 1
3 95 1
3 43 1
3 141 1
3 121 1
3 19 1
3 119 1
3 32 1
3 91 1
3 166 1
3 116 1
3 115 1
3 136 1
3 188 1
3 41 1
3 53 1
4 85 1
4 105 1
4 103 1
4 145 1
4 82 1
4 31 1
4 57 1
4 36 1
4 139 1
4 81 1
4 163 1
4 32 1
4 35 1
4 14 1
4 25 1
4 21 1
4 79 1
4 186 1
4 179 1
4 191 1
4 20 1
4 146 1
4 90 1
4 101 1
4 94 1
4 189 1
4 34 1
4 33 1
4 120 1
4 175 1
4 154 1
4 132 1
4 62 1
4 108 1
4 45 1
4 159 1
4 77 1
4 123 1
4 117 1
4 70 1
4 115 1
4 165 1
4 23 1
4 98 1
4 199 1
4 181 1
4 114 1
4 39 1
4 185 1
4 52 1
4 122 1
4 59 1
4 182 1
4 74 1
4 71 1
4 153 1
4 107 1
4 133 1
4 197 1
4 155 1
4 80 1
4 65 1
4 149 1
4 96 1
4 109 1
4 41 1
4 54 1
4 112 1
4 17 1
4 174 1
4 60 1
4 75 1
4 171 1
4 143 1
4 95 1
4 56 1
4 72 1
4 130 1
4 46 1
4 134 1
4 86 1
4 110 1
4 89 1
4 102 1
4 164 1
4 152 1
5 64 1
5 98 1
5 197 1
5 96 1
5 67 1
5 134 1
5 137 1
5 166 1
5 84 1
5 161 1
5 72 1
5 192 1
5 183 1
5 91 1
5 104 1
5 109 1
5 29 1
5 38 1
5 9 1
5 155 1
5 97 1
5 39 1
5 43 1
5 189 1
5 179 1
5 163 1
5 176 1
5 112 1
5 124 1
5 66 1
5 63 1
5 135 1
5 180 1
5 186 1
5 119 1
5 184 1
5 105 1
5 79 1
5 168 1
5 28 1
5 40 1
5 111 1
5 70 1
5 80 1
5 36 1
5 94 1
5 48 1
5 177 1
5 147 1
5 188 1
5 139 1
5 149 1
5 162 1
5 116 1
5 117 1
5 93 1
5 44 1
5 153 1
5 92 1
5 129 1
5 150 1
5 52 1
5 11 1
5 174 1
5 8 1
5 187 1
5 82 1
5 107 1
5 123 1
5 178 1
5 122 1
5 7 1
5 146 1
5 53 1
5 165 1
5 75 1
5 156 1
5 159 1
5 118 1
5 32 1
5 198 1
5 85 1
5 86 1
5 73 1
5 142 1
5 160 1
6 139 1
6 38 1
6 12 1
6 172 1
6 140 1
6 149 1
6 49 1
6 142 1
6 87 1
6 34 1
6 170 1
6 105 1
6 133 1
6 16 1
6 189 1
6 13 1
6 192 1
6 181 1
6 180 1
6 191 1
6 74 1
6 176 1
6 43 1
6 131 1
6 21 1
6 55 1
6 183 1
6 111 1
6 130 1
6 77 1
6 160 1
6 75 1
6 79 1
6 31 1
6 93 1
6 109 1
6 163 1
6 121 1
6 187 1
6 150 1
6 83 1
6 85 1
6 194 1
6 59 1
6 9 1
6 76 1
6 62 1
6 178 1
6 67 1
6 86 1
6 70 1
6 61 1
6 45 1
6 162 1
6 78 1
6 156 1
6 72 1
6 26 1
6 17 1
6 96 1
6 91 1
6 46 1
6 129 1
6 8 1
6 137 1
6 64 1
6 53 1
6 159 1
6 200 1
6 175 1
6 18 1
6 88 1
6 146 1
6 132 1
6 107 1
6 71 1
6 122 1
6 185 1
6 188 1
6 99 1
6 112 1
6 14 1
6 69 1
6 19 1
6 168 1
6 33 1
6 108 1
7 167 1
7 97 1
7 156 1
7 190 1
7 142 1
7 38 1
7 36 1
7 160 1
7 18 1
7 77 1
7 117 1
7 78 1
7 26 1
7 198 1
7 59 1
7 29 1
7 27 1
7 66 1
7 11 1
7 101 1
7 111 1
7 174 1
7 180 1
7 8 1
7 152 1
7 173 1
7 42 1
7 124 1
7 171 1
7 69 1
7 108 1
7 50 1
7 63 1
7 91 1
7 88 1
7 53 1
7 76 1
7 57 1
7 191 1
7 33 1
7 35 1
7 116 1
7 84 1
7 103 1
7 21 1
7 99 1
7 89 1
7 113 1
7 65 1
7 44 1
7 82 1
7 90 1
7 40 1
7 159 1
7 129 1
7 48 1
7 112 1
7 184 1
7 16 1
7 72 1
7 114 1
7 24 1
7 177 1
7 67 1
7 161 1
7 34 1
7 187 1
7 13 1
7 102 1
7 41 1
7 56 1
7 166 1
7 73 1
7 85 1
7 123 1
7 9 1
7 60 1
7 109 1
7 131 1
7 54 1
7 17 1
7 79 1
7 169 1
7 181 1
7 126 1
7 135 1
7 107 1
7 105 1
7 139 1
7 182 1
7 37 1
7 165 1
7 122 1
7 162 1
7 75 1
7 145 1
7 55 1
7 92 1
7 93 1
7 115 1
7 157 1
7 22 1
7 28 1
7 118 1
7 196 1
7 132 1
7 87 1
7 195 1
7 127 1
7 83 1
7 74 1
7 192 1
7 172 1
8 27 1
8 170 1
8 84 1
8 195 1
8 133 1
8 167 1
8 178 1
8 163 1
8 69 1
8 9 1
8 121 1
8 42 1
8 59 1
8 94 1
8 117 1
8 174 1
8 124 1
8 141 1
8 89 1
8 68 1
8 11 1
8 193 1
8 134 1
8 143 1
8 157 1
8 112 1
8 62 1
8 87 1
8 107 1
8 83 1
8 199 1
8 18 1
8 137 1
8 95 1
8 25 1
8 72 1
8 146 1
8 118 1
8 153 1
8 154 1
8 47 1
8 140 1
8 34 1
8 46 1
8 19 1
8 75 1
8 132 1
8 198 1
8 101 1
8 120 1
8 110 1
8 48 1
8 187 1
8 29 1
8 20 1
8 184 1
8 147 1
8 130 1
8 177 1
8 13 1
8 173 1
8 131 1
8 160 1
8 26 1
8 35 1
8 16 1
8 172 1
8 108 1
8 58 1
8 70 1
8 194 1
8 181 1
8 78 1
8 90 1
8 92 1
8 165 1
8 158 1
8 169 1
8 196 1
8 12 1
8 136 1
8 142 1
8 52 1
8 73 1
8 149 1
8 33 1
8 28 1
8 66 1
8 15 1
8 53 1
8 86 1
8 39 1
8 36 1
8 122 1
8 23 1
8 186 1
8 37 1
8 152 1
8 138 1
9 90 1
9 37 1
9 12 1
9 158 1
9 189 1
9 93 1
9 122 1
9 31 1
9 173 1
9 146 1
9 100 1
9 191 1
9 57 1
9 74 1
9 170 1
9 79 1
9 166 1
9 139 1
9 38 1
9 44 1
9 98 1
9 200 1
9 183 1
9 24 1
9 154 1
9 153 1
9 32 1
9 73 1
9 171 1
9 182 1
9 178 1
9 106 1
9 110 1
9 151 1
9 129 1
9 91 1
9 21 1
9 34 1
9 83 1
9 118 1
9 135 1
9 97 1
9 46 1
9 127 1
9 96 1
9 141 1
9 43 1
9 11 1
9 138 1
9 56 1
9 163 1
9 162 1
9 169 1
9 198 1
9 136 1
9 124 1
9 107 1
9 137 1
9 190 1
9 81 1
9 150 1
9 159 1
9 195 1
9 188 1
9 16 1
9 161 1
9 94 1
9 80 1
9 113 1
9 160 1
9 134 1
9 86 1
9 174 1
9 27 1
9 23 1
9 164 1
9 116 1
9 30 1
9 172 1
9 115 1
9 145 1
9 181 1
9 111 1
9 65 1
9 63 1
9 152 1
10 87 1
10 173 1
10 135 1
10 139 1
10 59 1
10 102 1
10 192 1
10 47 1
10 56 1
10 98 1
10 29 1
10 105 1
10 17 1
10 65 1
10 145 1
10 90 1
10 39 1
10 172 1
10 69 1
10 185 1
10 77 1
10 130 1
10 79 1
10 125 1
10 75 1
10 99 1
10 109 1
10 21 1
10 199 1
10 148 1
10 134 1
10 189 1
10 158 1
10 117 1
10 25 1
10 197 1
10 15 1
10 200 1
10 74 1
10 171 1
10 195 1
10 38 1
10 67 1
10 188 1
10 127 1
10 166 1
10 157 1
10 123 1
10 37 1
10 100 1
10 193 1
10 152 1
10 28 1
10 61 1
10 53 1
10 176 1
10 114 1
10 85 1
10 81 1
10 196 1
10 66 1
10 149 1
10 115 1
10 120 1
10 150 1
10 68 1
10 182 1
10 23 1
10 26 1
10 181 1
10 170 1
10 70 1
10 132 1
10 108 1
10 64 1
10 175 1
10 45 1
10 165 1
10 159 1
10 106 1
10 128 1
10 89 1
10 20 1
10 138 1
10 71 1
10 162 1
10 51 1
10 133 1
10 113 1
10 174 1
10 194 1
10 179 1
10 11 1
10 147 1
10 140 1
10 49 1
10 161 1
10 119 1
10 33 1
10 118 1
10 57 1
10 18 1
10 191 1
10 54 1
11 128 1
11 78 1
11 83 1
11 97 1
11 12 1
11 32 1
11 23 1
11 65 1
11 125 1
11 153 1
11 156 1
11 114 1
11 186 1
11 22 1
11 188 1
11 94 1
11 75 1
11 18 1
11 136 1
11 175 1
11 29 1
11 170 1
11 121 1
11 127 1
11 176 1
11 123 1
11 90 1
11 95 1
11 174 1
11 196 1
11 122 1
11 199 1
11 148 1
11 103 1
11 62 1
11 178 1
11 25 1
11 179 1
11 142 1
11 21 1
11 147 1
11 24 1
11 135 1
11 57 1
11 106 1
11 134 1
11 185 1
11 33 1
11 167 1
11 143 1
11 108 1
11 155 1
11 70 1
11 26 1
11 146 1
11 116 1
11 161 1
11 82 1
11 68 1
11 117 1
11 139 1
11 69 1
11 180 1
11 45 1
11 115 1
11 120 1
11 168 1
11 151 1
11 43 1
11 162 1
11 110 1
11 51 1
11 44 1
11 27 1
11 76 1
11 47 1
11 19 1
11 118 1
11 36 1
11 37 1
11 35 1
11 87 1
11 166 1
11 102 1
11 86 1
11 53 1
11 72 1
11 74 1
11 16 1
11 84 1
11 145 1
11 132 1
12 95 1
12 189 1
12 153 1
12 41 1
12 142 1
12 139 1
12 29 1
12 155 1
12 91 1
12 135 1
12 137 1
12 13 1
12 34 1
12 200 1
12 80 1
12 40 1
12 110 1
12 36 1
12 185 1
12 147 1
12 42 1
12 191 1
12 157 1
12 82 1
12 161 1
12 45 1
12 178 1
12 156 1
12 21 1
12 105 1
12 138 1
12 173 1
12 31 1
12 103 1
12 146 1
12 140 1
12 19 1
12 26 1
12 113 1
12 47 1
12 85 1
12 83 1
12 193 1
12 20 1
12 75 1
12 72 1
12 114 1
12 194 1
12 93 1
12 124 1
12 69 1
12 106 1
12 184 1
12 125 1
12 143 1
12 73 1
12 97 1
12 62 1
12 94 1
12 174 1
12 160 1
12 16 1
12 56 1
12 179 1
12 188 1
12 171 1
12 24 1
12 199 1
12 50 1
12 196 1
12 14 1
12 104 1
12 67 1
12 37 1
12 119 1
12 169 1
12 68 1
12 84 1
12 17 1
12 55 1
12 100 1
12 176 1
12 148 1
12 92 1
12 61 1
12 141 1
12 109 1
12 43 1
12 186 1
12 152 1
12 35 1
12 71 1
12 57 1
12 77 1
12 70 1
13 159 1
13 185 1
13 163 1
13 73 1
13 143 1
13 16 1
13 106 1
13 96 1
13 179 1
13 107 1
13 150 1
13 173 1
13 94 1
13 54 1
13 140 1
13 192 1
13 60 1
13 118 1
13 35 1
13 56 1
13 171 1
13 165 1
13 63 1
13 90 1
13 142 1
13 14 1
13 24 1
13 153 1
13 186 1
13 66 1
13 97 1
13 144 1
13 19 1
13 168 1
13 92 1
13 155 1
13 105 1
13 178 1
13 164 1
13 123 1
13 188 1
13 86 1
13 49 1
13 64 1
13 34 1
13 29 1
13 193 1
13 124 1
13 79 1
13 38 1
13 52 1
13 132 1
13 74 1
13 154 1
13 98 1
13 18 1
13 146 1
13 182 1
13 197 1
13 50 1
13 27 1
13 87 1
13 113 1
13 85 1
13 78 1
13 156 1
13 175 1
13 70 1
13 131 1
13 126 1
13 130 1
13 170 1
13 127 1
13 129 1
13 115 1
13 198 1
13 180 1
13 37 1
13 61 1
13 139 1
13 162 1
13 116 1
13 45 1
13 76 1
13 102 1
13 43 1
13 65 1
13 104 1
14 19 1
14 120 1
14 128 1
14 123 1
14 124 1
14 34 1
14 15 1
14 27 1
14 76 1
14 161 1
14 66 1
14 115 1
14 169 1
14 95 1
14 129 1
14 158 1
14 141 1
14 87 1
14 119 1
14 68 1
14 163 1
14 189 1
14 59 1
14 130 1
14 36 1
14 70 1
14 112 1
14 62 1
14 33 1
14 171 1
14 55 1
14 56 1
14 193 1
14 131 1
14 182 1
14 192 1
14 51 1
14 25 1
14 80 1
14 110 1
14 84 1
14 105 1
14 143 1
14 74 1
14 53 1
14 49 1
14 162 1
14 107 1
14 91 1
14 154 1
14 97 1
14 45 1
14 104 1
14 44 1
14 134 1
14 167 1
14 72 1
14 132 1
14 21 1
14 142 1
14 108 1
14 165 1
14 181 1
14 113 1
14 88 1
14 61 1
14 183 1
14 60 1
14 24 1
14 200 1
14 168 1
14 101 1
14 150 1
14 133 1
14 22 1
14 23 1
14 46 1
14 86 1
14 148 1
14 153 1
14 65 1
14 20 1
14 90 1
14 196 1
14 54 1
14 147 1
14 28 1
14 89 1
14 47 1
14 38 1
14 67 1
14 140 1
14 48 1
14 93 1
14 75 1
14 127 1
14 135 1
14 186 1
14 155 1
14 57 1
15 74 1
15 144 1
15 182 1
15 149 1
15 126 1
15 81 1
15 58 1
15 156 1
15 47 1
15 73 1
15 44 1
15 150 1
15 32 1
15 65 1
15 169 1
15 179 1
15 143 1
15 125 1
15 85 1
15 200 1
15 56 1
15 119 1
15 99 1
15 178 1
15 198 1
15 18 1
15 157 1
15 89 1
15 101 1
15 128 1
15 180 1
15 24 1
15 163 1
15 100 1
15 53 1
15 75 1
15 98 1
15 167 1
15 199 1
15 127 1
15 82 1
15 36 1
15 102 1
15 183 1
15 70 1
15 161 1
15 117 1
15 134 1
15 145 1
15 86 1
15 61 1
15 140 1
15 123 1
15 114 1
15 37 1
15 106 1
15 155 1
15 55 1
15 191 1
15 50 1
15 187 1
15 93 1
15 110 1
15 57 1
15 26 1
15 124 1
15 142 1
15 164 1
15 83 1
15 193 1
15 42 1
15 168 1
15 27 1
15 147 1
15 87 1
15 166 1
15 39 1
15 68 1
15 170 1
15 132 1
15 171 1
15 25 1
15 190 1
15 185 1
15 111 1
15 146 1
15 77 1
15 113 1
15 35 1
15 84 1
15 72 1
15 137 1
15 104 1
15 120 1
15 148 1
16 150 1
16 75 1
16 102 1
16 176 1
16 24 1
16 116 1
16 185 1
16 151 1
16 133 1
16 36 1
16 195 1
16 165 1
16 83 1
16 119 1
16 48 1
16 79 1
16 50 1
16 35 1
16 124 1
16 152 1
16 51 1
16 123 1
16 184 1
16 37 1
16 154 1
16 25 1
16 179 1
16 199 1
16 98 1
16 115 1
16 80 1
16 171 1
16 105 1
16 153 1
16 58 1
16 180 1
16 52 1
16 181 1
16 95 1
16 187 1
16 173 1
16 70 1
16 66 1
16 142 1
16 47 1
16 85 1
16 109 1
16 111 1
16 148 1
16 125 1
16 82 1
16 59 1
16 44 1
16 170 1
16 136 1
16 43 1
16 41 1
16 31 1
16 134 1
16 167 1
16 27 1
16 68 1
16 77 1
16 135 1
16 130 1
16 30 1
16 40 1
16 168 1
16 137 1
16 17 1
16 101 1
16 200 1
16 54 1
16 172 1
16 34 1
16 56 1
16 55 1
16 157 1
16 145 1
16 182 1
16 122 1
16 166 1
16 62 1
16 94 1
16 192 1
16 129 1
16 91 1
16 121 1
16 86 1
16 106 1
16 189 1
16 81 1
16 87 1
16 186 1
16 156 1
17 78 1
17 131 1
17 127 1
17 159 1
17 68 1
17 33 1
17 72 1
17 161 1
17 88 1
17 54 1
17 51 1
17 171 1
17 43 1
17 167 1
17 85 1
17 24 1
17 29 1
17 50 1
17 31 1
17 105 1
17 106 1
17 34 1
17 179 1
17 59 1
17 162 1
17 39 1
17 200 1
17 183 1
17 67 1
17 44 1
17 22 1
17 125 1
17 146 1
17 112 1
17 132 1
17 83 1
17 181 1
17 75 1
17 70 1
17 99 1
17 90 1
17 129 1
17 187 1
17 197 1
17 35 1
17 133 1
17 195 1
17 170 1
17 145 1
17 79 1
17 26 1
17 184 1
17 140 1
17 87 1
17 134 1
17 192 1
17 64 1
17 139 1
17 42 1
17 21 1
17 86 1
17 172 1
17 189 1
17 27 1
17 121 1
17 173 1
17 117 1
17 190 1
17 177 1
17 164 1
17 126 1
17 47 1
17 122 1
17 20 1
17 143 1
17 150 1
17 63 1
17 84 1
17 37 1
17 91 1
17 102 1
17 199 1
17 101 1
17 74 1
17 98 1
17 185 1
17 53 1
17 104 1
17 110 1
17 56 1
17 198 1
17 58 1
17 141 1
17 157 1
17 180 1
17 186 1
17 174 1
17 97 1
18 41 1
18 175 1
18 123 1
18 160 1
18 85 1
18 156 1
18 197 1
18 191 1
18 63 1
18 122 1
18 105 1
18 134 1
18 147 1
18 157 1
18 66 1
18 158 1
18 74 1
18 46 1
18 97 1
18 33 1
18 146 1
18 127 1
18 90 1
18 195 1
18 168 1
18 92 1
18 95 1
18 45 1
18 112 1
18 119 1
18 100 1
18 70 1
18 155 1
18 35 1
18 165 1
18 172 1
18 24 1
18 154 1
18 120 1
18 82 1
18 60 1
18 68 1
18 61 1
18 81 1
18 86 1
18 199 1
18 104 1
18 181 1
18 188 1
18 87 1
18 177 1
18 54 1
18 169 1
18 52 1
18 78 1
18 71 1
18 139 1
18 117 1
18 40 1
18 152 1
18 179 1
18 84 1
18 20 1
18 55 1
18 192 1
18 189 1
18 108 1
18 34 1
18 69 1
18 118 1
18 51 1
18 50 1
18 137 1
18 88 1
18 186 1
18 153 1
18 42 1
18 22 1
18 29 1
18 145 1
18 121 1
18 96 1
18 174 1
18 36 1
18 115 1
18 176 1
18 106 1
18 59 1
18 80 1
18 107 1
18 198 1
18 151 1
18 144 1
18 162 1
18 21 1
18 140 1
18 49 1
18 194 1
18 103 1
19 184 1
19 195 1
19 171 1
19 76 1
19 80 1
19 67 1
19 146 1
19 50 1
19 164 1
19 30 1
19 181 1
19 185 1
19 37 1
19 103 1
19 137 1
19 175 1
19 112 1
19 129 1
19 100 1
19 121 1
19 62 1
19 182 1
19 174 1
19 88 1
19 200 1
19 141 1
19 46 1
19 108 1
19 166 1
19 145 1
19 69 1
19 52 1
19 74 1
19 75 1
19 151 1
19 176 1
19 168 1
19 57 1
19 60 1
19 183 1
19 133 1
19 153 1
19 130 1
19 188 1
19 73 1
19 186 1
19 23 1
19 31 1
19 29 1
19 95 1
19 53 1
19 106 1
19 86 1
19 156 1
19 155 1
19 115 1
19 149 1
19 63 1
19 45 1
19 134 1
19 135 1
19 61 1
19 105 1
19 77 1
19 189 1
19 89 1
19 144 1
19 84 1
19 81 1
19 27 1
19 116 1
19 33 1
19 143 1
19 169 1
19 187 1
19 87 1
19 131 1
19 190 1
19 107 1
19 122 1
19 162 1
19 123 1
19 101 1
19 71 1
19 111 1
19 94 1
19 55 1
20 66 1
20 81 1
20 183 1
20 172 1
20 29 1
20 92 1
20 99 1
20 127 1
20 54 1
20 97 1
20 110 1
20 148 1
20 164 1
20 61 1
20 182 1
20 52 1
20 113 1
20 26 1
20 186 1
20 179 1
20 156 1
20 119 1
20 155 1
20 123 1
20 196 1
20 158 1
20 163 1
20 136 1
20 39 1
20 135 1
20 104 1
20 153 1
20 140 1
20 174 1
20 49 1
20 138 1
20 94 1
20 100 1
20 71 1
20 190 1
20 191 1
20 114 1
20 109 1
20 65 1
20 91 1
20 200 1
20 102 1
20 84 1
20 50 1
20 69 1
20 122 1
20 192 1
20 151 1
20 141 1
20 145 1
20 139 1
20 32 1
20 42 1
20 33 1
20 195 1
20 120 1
20 75 1
20 126 1
20 134 1
20 80 1
20 101 1
20 44 1
20 133 1
20 77 1
20 193 1
20 38 1
20 37 1
20 63 1
20 85 1
20 56 1
20 132 1
20 48 1
20 194 1
20 160 1
20 87 1
20 40 1
20 130 1
20 64 1
20 89 1
20 46 1
20 36 1
20 60 1
20 144 1
20 30 1
21 101 1
21 134 1
21 43 1
21 185 1
21 120 1
21 176 1
21 26 1
21 133 1
21 30 1
21 131 1
21 80 1
21 55 1
21 138 1
21 22 1
21 143 1
21 156 1
21 130 1
21 53 1
21 154 1
21 44 1
21 181 1
21 71 1
21 139 1
21 180 1
21 116 1
21 51 1
21 94 1
21 172 1
21 86 1
21 166 1
21 148 1
21 165 1
21 36 1
21 169 1
21 84 1
21 113 1
21 83 1
21 117 1
21 137 1
21 47 1
21 190 1
21 128 1
21 103 1
21 195 1
21 124 1
21 63 1
21 106 1
21 145 1
21 60 1
21 161 1
21 160 1
21 24 1
21 119 1
21 88 1
21 82 1
21 153 1
21 175 1
21 96 1
21 174 1
21 58 1
21 91 1
21 157 1
21 192 1
21 23 1
21 64 1
21 168 1
21 126 1
21 147 1
21 41 1
21 132 1
21 104 1
21 162 1
21 62 1
21 199 1
21 122 1
21 184 1
21 110 1
21 178 1
21 186 1
21 146 1
21 183 1
21 179 1
21 87 1
21 99 1
21 45 1
21 70 1
21 74 1
21 38 1
21 102 1
21 39 1
21 151 1
21 57 1
21 149 1
21 77 1
21 167 1
21 98 1
21 159 1
22 96 1
22 176 1
22 60 1
22 99 1
22 26 1
22 69 1
22 186 1
22 30 1
22 191 1
22 100 1
22 160 1
22 39 1
22 62 1
22 144 1
22 80 1
22 179 1
22 112 1
22 119 1
22 64 1
22 86 1
22 65 1
22 53 1
22 173 1
22 79 1
22 136 1
22 87 1
22 47 1
22 169 1
22 196 1
22 59 1
22 32 1
22 156 1
22 29 1
22 126 1
22 118 1
22 192 1
22 143 1
22 83 1
22 158 1
22 28 1
22 113 1
22 109 1
22 84 1
22 34 1
22 51 1
22 94 1
22 120 1
22 155 1
22 49 1
22 145 1
22 200 1
22 166 1
22 188 1
22 68 1
22 58 1
22 153 1
22 82 1
22 93 1
22 150 1
22 170 1
22 123 1
22 129 1
22 91 1
22 40 1
22 132 1
22 134 1
22 175 1
22 45 1
22 172 1
22 197 1
22 23 1
22 165 1
22 167 1
22 37 1
22 117 1
22 103 1
22 90 1
22 95 1
22 115 1
22 35 1
22 182 1
22 70 1
23 171 1
23 90 1
23 131 1
23 168 1
23 74 1
23 77 1
23 55 1
23 150 1
23 59 1
23 34 1
23 68 1
23 88 1
23 173 1
23 190 1
23 140 1
23 100 1
23 145 1
23 170 1
23 178 1
23 144 1
23 195 1
23 65 1
23 189 1
23 120 1
23 41 1
23 27 1
23 94 1
23 152 1
23 121 1
23 186 1
23 138 1
23 192 1
23 32 1
23 106 1
23 103 1
23 165 1
23 110 1
23 127 1
23 44 1
23 57 1
23 128 1
23 107 1
23 95 1
23 116 1
23 180 1
23 137 1
23 75 1
23 42 1
23 105 1
23 146 1
23 56 1
23 115 1
23 125 1
23 162 1
23 155 1
23 51 1
23 159 1
23 167 1
23 101 1
23 163 1
23 96 1
23 176 1
23 98 1
23 194 1
23 157 1
23 183 1
23 113 1
23 37 1
23 142 1
23 46 1
23 91 1
23 45 1
23 193 1
23 182 1
23 31 1
23 198 1
23 39 1
23 62 1
23 92 1
23 124 1
23 132 1
23 177 1
23 104 1
23 66 1
23 119 1
23 76 1
23 79 1
23 126 1
23 108 1
23 80 1
24 125 1
24 136 1
24 45 1
24 197 1
24 152 1
24 149 1
24 170 1
24 137 1
24 158 1
24 111 1
24 155 1
24 38 1
24 54 1
24 200 1
24 154 1
24 175 1
24 83 1
24 60 1
24 199 1
24 98 1
24 58 1
24 99 1
24 120 1
24 192 1
24 166 1
24 77 1
24 172 1
24 97 1
24 81 1
24 198 1
24 48 1
24 57 1
24 126 1
24 91 1
24 87 1
24 183 1
24 78 1
24 79 1
24 171 1
24 27 1
24 194 1
24 164 1
24 105 1
24 131 1
24 30 1
24 44 1
24 191 1
24 177 1
24 93 1
24 147 1
24 128 1
24 189 1
24 34 1
24 46 1
24 72 1
24 28 1
24 143 1
24 196 1
24 55 1
24 159 1
24 112 1
24 132 1
24 51 1
24 162 1
24 40 1
24 43 1
24 117 1
24 35 1
24 122 1
24 37 1
24 124 1
24 157 1
24 146 1
24 176 1
24 103 1
24 88 1
24 142 1
24 115 1
24 85 1
24 160 1
24 150 1
24 168 1
24 67 1
24 169 1
24 82 1
24 86 1
24 181 1
24 138 1
24 109 1
24 180 1
24 76 1
24 178 1
24 119 1
24 75 1
24 186 1
24 156 1
24 133 1
24 31 1
25 64 1
25 129 1
25 60 1
25 65 1
25 57 1
25 83 1
25 165 1
25 104 1
25 122 1
25 141 1
25 115 1
25 119 1
25 51 1
25 69 1
25 32 1
25 164 1
25 93 1
25 174 1
25 158 1
25 110 1
25 168 1
25 194 1
25 199 1
25 156 1
25 117 1
25 35 1
25 88 1
25 178 1
25 162 1
25 166 1
25 184 1
25 153 1
25 138 1
25 34 1
25 186 1
25 26 1
25 89 1
25 175 1
25 52 1
25 75 1
25 86 1
25 145 1
25 127 1
25 195 1
25 124 1
25 40 1
25 147 1
25 131 1
25 102 1
25 71 1
25 118 1
25 46 1
25 107 1
25 38 1
25 68 1
25 80 1
25 123 1
25 133 1
25 72 1
25 169 1
25 41 1
25 190 1
25 33 1
25 150 1
25 176 1
25 54 1
25 183 1
25 81 1
25 62 1
25 95 1
25 94 1
25 56 1
25 87 1
25 30 1
25 29 1
25 154 1
25 43 1
25 137 1
25 192 1
26 178 1
26 145 1
26 142 1
26 190 1
26 184 1
26 84 1
26 141 1
26 144 1
26 63 1
26 94 1
26 56 1
26 154 1
26 123 1
26 161 1
26 92 1
26 121 1
26 82 1
26 179 1
26 104 1
26 170 1
26 125 1
26 30 1
26 35 1
26 160 1
26 74 1
26 78 1
26 39 1
26 85 1
26 72 1
26 175 1
26 60 1
26 163 1
26 76 1
26 45 1
26 83 1
26 120 1
26 183 1
26 86 1
26 102 1
26 185 1
26 176 1
26 128 1
26 126 1
26 186 1
26 90 1
26 119 1
26 111 1
26 95 1
26 188 1
26 162 1
26 88 1
26 32 1
26 44 1
26 54 1
26 68 1
26 117 1
26 131 1
26 37 1
26 146 1
26 105 1
26 58 1
26 57 1
26 65 1
26 196 1
26 166 1
26 168 1
26 52 1
26 71 1
26 59 1
26 101 1
26 53 1
26 27 1
26 40 1
26 174 1
26 43 1
26 197 1
27 36 1
27 59 1
27 123 1
27 164 1
27 79 1
27 131 1
27 29 1
27 90 1
27 55 1
27 134 1
27 115 1
27 183 1
27 93 1
27 121 1
27 125 1
27 37 1
27 40 1
27 87 1
27 78 1
27 49 1
27 63 1
27 101 1
27 86 1
27 175 1
27 110 1
27 66 1
27 179 1
27 69 1
27 71 1
27 41 1
27 150 1
27 56 1
27 133 1
27 140 1
27 102 1
27 153 1
27 180 1
27 117 1
27 74 1
27 135 1
27 48 1
27 139 1
27 184 1
27 61 1
27 89 1
27 57 1
27 83 1
27 124 1
27 64 1
27 157 1
27 73 1
27 151 1
27 129 1
27 92 1
27 126 1
27 138 1
27 174 1
27 109 1
27 65 1
27 146 1
27 149 1
27 143 1
27 28 1
27 152 1
27 162 1
27 81 1
27 43 1
27 107 1
27 119 1
27 144 1
27 161 1
27 177 1
27 188 1
27 70 1
27 75 1
27 200 1
27 182 1
27 176 1
27 31 1
27 197 1
27 42 1
27 145 1
27 127 1
27 72 1
28 103 1
28 49 1
28 45 1
28 189 1
28 36 1
28 139 1
28 194 1
28 171 1
28 51 1
28 81 1
28 107 1
28 132 1
28 121 1
28 33 1
28 192 1
28 47 1
28 83 1
28 78 1
28 56 1
28 31 1
28 133 1
28 50 1
28 179 1
28 67 1
28 69 1
28 150 1
28 122 1
28 95 1
28 131 1
28 141 1
28 166 1
28 180 1
28 82 1
28 164 1
28 125 1
28 44 1
28 172 1
28 153 1
28 160 1
28 72 1
28 185 1
28 90 1
28 65 1
28 94 1
28 178 1
28 87 1
28 140 1
28 59 1
28 113 1
28 52 1
28 100 1
28 148 1
28 130 1
28 40 1
28 108 1
28 146 1
28 188 1
28 123 1
28 43 1
28 54 1
28 176 1
28 39 1
28 60 1
28 29 1
28 64 1
28 168 1
28 34 1
28 91 1
28 53 1
28 126 1
28 102 1
28 174 1
28 169 1
28 186 1
28 101 1
29 69 1
29 121 1
29 71 1
29 138 1
29 162 1
29 115 1
29 62 1
29 180 1
29 98 1
29 134 1
29 97 1
29 123 1
29 116 1
29 75 1
29 130 1
29 133 1
29 188 1
29 49 1
29 66 1
29 159 1
29 151 1
29 88 1
29 85 1
29 67 1
29 65 1
29 141 1
29 126 1
29 35 1
29 152 1
29 43 1
29 105 1
29 103 1
29 173 1
29 156 1
29 113 1
29 55 1
29 129 1
29 189 1
29 124 1
29 181 1
29 142 1
29 39 1
29 109 1
29 169 1
29 187 1
29 132 1
29 140 1
29 45 1
29 178 1
29 155 1
29 60 1
29 87 1
29 41 1
29 163 1
29 38 1
29 111 1
29 196 1
29 175 1
29 93 1
29 34 1
29 167 1
29 127 1
29 184 1
29 147 1
29 54 1
29 36 1
29 61 1
29 37 1
29 136 1
29 191 1
29 131 1
29 64 1
29 106 1
29 57 1
29 145 1
29 32 1
29 53 1
29 42 1
29 96 1
30 39 1
30 130 1
30 167 1
30 82 1
30 89 1
30 133 1
30 59 1
30 101 1
30 32 1
30 147 1
30 114 1
30 154 1
30 171 1
30 155 1
30 38 1
30 53 1
30 43 1
30 98 1
30 137 1
30 124 1
30 107 1
30 142 1
30 58 1
30 54 1
30 33 1
30 190 1
30 136 1
30 105 1
30 112 1
30 177 1
30 200 1
30 48 1
30 134 1
30 55 1
30 117 1
30 168 1
30 126 1
30 113 1
30 50 1
30 42 1
30 149 1
30 62 1
30 135 1
30 65 1
30 182 1
30 197 1
30 95 1
30 151 1
30 35 1
30 152 1
30 63 1
30 162 1
30 150 1
30 68 1
30 122 1
30 93 1
30 144 1
30 165 1
30 61 1
30 77 1
30 173 1
30 100 1
30 109 1
30 41 1
30 85 1
30 80 1
30 47 1
30 60 1
30 86 1
30 69 1
30 175 1
30 129 1
30 178 1
30 76 1
30 71 1
30 156 1
30 120 1
30 104 1
30 138 1
30 88 1
30 119 1
30 31 1
30 193 1
30 166 1
30 132 1
30 99 1
30 146 1
30 148 1
30 170 1
30 36 1
30 188 1
30 44 1
30 97 1
30 34 1
30 174 1
30 75 1
31 41 1
31 130 1
31 138 1
31 78 1
31 174 1
31 170 1
31 131 1
31 98 1
31 179 1
31 133 1
31 178 1
31 193 1
31 91 1
31 187 1
31 110 1
31 72 1
31 76 1
31 167 1
31 59 1
31 106 1
31 119 1
31 83 1
31 70 1
31 101 1
31 92 1
31 118 1
31 46 1
31 104 1
31 162 1
31 197 1
31 82 1
31 87 1
31 109 1
31 173 1
31 184 1
31 188 1
31 35 1
31 141 1
31 45 1
31 108 1
31 198 1
31 144 1
31 200 1
31 124 1
31 194 1
31 62 1
31 33 1
31 128 1
31 102 1
31 114 1
31 134 1
31 157 1
31 152 1
31 172 1
31 126 1
31 147 1
31 199 1
31 112 1
31 181 1
31 139 1
31 125 1
31 176 1
31 36 1
31 150 1
31 96 1
31 54 1
31 142 1
31 103 1
31 90 1
31 121 1
31 47 1
31 100 1
31 191 1
31 63 1
31 161 1
31 148 1
31 85 1
31 74 1
31 122 1
31 75 1
31 67 1
31 79 1
31 116 1
31 51 1
32 110 1
32 190 1
32 94 1
32 140 1
32 59 1
32 139 1
32 63 1
32 79 1
32 183 1
32 54 1
32 149 1
32 200 1
32 53 1
32 97 1
32 64 1
32 135 1
32 187 1
32 99 1
32 93 1
32 58 1
32 172 1
32 173 1
32 36 1
32 107 1
32 186 1
32 74 1
32 65 1
32 176 1
32 142 1
32 152 1
32 109 1
32 169 1
32 56 1
32 72 1
32 55 1
32 91 1
32 131 1
32 137 1
32 130 1
32 133 1
32 51 1
32 159 1
32 48 1
32 150 1
32 166 1
32 170 1
32 43 1
32 196 1
32 195 1
32 100 1
32 96 1
32 129 1
32 83 1
32 157 1
32 146 1
32 121 1
32 34 1
32 138 1
32 153 1
32 62 1
32 46 1
32 160 1
32 82 1
32 73 1
32 189 1
32 154 1
32 104 1
32 128 1
32 113 1
32 125 1
33 130 1
33 68 1
33 141 1
33 146 1
33 159 1
33 41 1
33 73 1
33 180 1
33 142 1
33 75 1
33 129 1
33 72 1
33 89 1
33 96 1
33 54 1
33 157 1
33 166 1
33 200 1
33 104 1
33 103 1
33 144 1
33 84 1
33 70 1
33 102 1
33 113 1
33 150 1
33 153 1
33 137 1
33 124 1
33 82 1
33 128 1
33 98 1
33 69 1
33 117 1
33 77 1
33 152 1
33 53 1
33 162 1
33 115 1
33 177 1
33 148 1
33 160 1
33 132 1
33 125 1
33 50 1
33 167 1
33 61 1
33 151 1
33 143 1
33 71 1
33 65 1
33 99 1
33 127 1
33 38 1
33 56 1
33 64 1
33 90 1
33 105 1
33 181 1
33 110 1
33 116 1
33 192 1
33 48 1
33 182 1
33 199 1
33 46 1
33 163 1
33 108 1
33 165 1
33 92 1
33 63 1
33 176 1
33 39 1
33 186 1
33 118 1
33 164 1
33 191 1
33 173 1
33 196 1
33 170 1
33 133 1
34 185 1
34 163 1
34 154 1
34 130 1
34 175 1
34 83 1
34 180 1
34 57 1
34 89 1
34 43 1
34 183 1
34 39 1
34 62 1
34 124 1
34 176 1
34 110 1
34 151 1
34 63 1
34 50 1
34 200 1
34 165 1
34 147 1
34 113 1
34 160 1
34 156 1
34 171 1
34 46 1
34 114 1
34 91 1
34 48 1
34 199 1
34 153 1
34 85 1
34 47 1
34 109 1
34 192 1
34 78 1
34 82 1
34 152 1
34 119 1
34 92 1
34 65 1
34 135 1
34 111 1
34 120 1
34 162 1
34 128 1
34 140 1
34 159 1
34 148 1
34 189 1
34 169 1
34 141 1
34 52 1
34 177 1
34 80 1
34 181 1
34 125 1
34 121 1
34 75 1
34 105 1
34 134 1
34 129 1
34 173 1
34 41 1
34 198 1
34 101 1
34 150 1
34 73 1
34 186 1
34 112 1
34 100 1
34 58 1
34 139 1
34 167 1
34 164 1
34 36 1
34 104 1
34 81 1
34 145 1
34 97 1
34 143 1
34 123 1
34 37 1
34 40 1
34 127 1
34 174 1
34 45 1
34 95 1
35 116 1
35 78 1
35 146 1
35 97 1
35 48 1
35 59 1
35 50 1
35 89 1
35 114 1
35 44 1
35 107 1
35 62 1
35 37 1
35 199 1
35 72 1
35 70 1
35 80 1
35 64 1
35 147 1
35 132 1
35 157 1
35 136 1
35 118 1
35 127 1
35 135 1
35 186 1
35 131 1
35 41 1
35 121 1
35 54 1
35 40 1
35 140 1
35 198 1
35 173 1
35 193 1
35 52 1
35 125 1
35 165 1
35 159 1
35 171 1
35 74 1
35 194 1
35 108 1
35 96 1
35 115 1
35 174 1
35 158 1
35 104 1
35 71 1
35 102 1
35 143 1
35 99 1
35 124 1
35 51 1
35 95 1
35 63 1
35 38 1
35 86 1
35 91 1
35 139 1
35 100 1
35 188 1
35 36 1
35 138 1
35 67 1
35 142 1
35 189 1
35 61 1
35 197 1
35 169 1
35 168 1
35 66 1
35 84 1
35 105 1
35 42 1
35 167 1
35 176 1
35 154 1
35 92 1
35 88 1
35 76 1
35 75 1
36 75 1
36 54 1
36 89 1
36 38 1
36 146 1
36 133 1
36 96 1
36 51 1
36 183 1
36 100 1
36 113 1
36 176 1
36 122 1
36 127 1
36 99 1
36 92 1
36 191 1
36 145 1
36 98 1
36 193 1
36 172 1
36 84 1
36 73 1
36 167 1
36 135 1
36 39 1
36 45 1
36 190 1
36 71 1
36 125 1
36 126 1
36 143 1
36 87 1
36 43 1
36 124 1
36 101 1
36 157 1
36 192 1
36 144 1
36 170 1
36 189 1
36 199 1
36 46 1
36 67 1
36 154 1
36 162 1
36 137 1
36 62 1
36 80 1
36 63 1
36 108 1
36 165 1
36 171 1
36 147 1
36 58 1
36 130 1
36 64 1
36 44 1
36 153 1
36 173 1
36 103 1
36 169 1
36 104 1
36 197 1
36 79 1
36 53 1
36 141 1
36 56 1
36 50 1
36 42 1
36 85 1
36 155 1
36 90 1
36 97 1
36 116 1
36 123 1
36 55 1
36 83 1
36 81 1
36 156 1
36 105 1
36 182 1
36 179 1
36 109 1
36 161 1
37 93 1
37 46 1
37 133 1
37 136 1
37 62 1
37 167 1
37 43 1
37 154 1
37 139 1
37 164 1
37 108 1
37 148 1
37 151 1
37 76 1
37 94 1
37 158 1
37 102 1
37 77 1
37 145 1
37 73 1
37 137 1
37 152 1
37 176 1
37 185 1
37 157 1
37 65 1
37 127 1
37 155 1
37 183 1
37 51 1
37 199 1
37 84 1
37 95 1
37 192 1
37 143 1
37 78 1
37 41 1
37 180 1
37 63 1
37 56 1
37 80 1
37 125 1
37 170 1
37 109 1
37 45 1
37 97 1
37 112 1
37 118 1
37 168 1
37 54 1
37 50 1
37 99 1
37 101 1
37 131 1
37 128 1
37 147 1
37 186 1
37 60 1
37 166 1
37 57 1
37 89 1
37 182 1
37 178 1
37 119 1
37 163 1
37 171 1
37 173 1
37 160 1
37 74 1
37 58 1
37 193 1
37 71 1
37 126 1
37 55 1
37 66 1
37 189 1
37 175 1
37 39 1
37 107 1
37 79 1
37 161 1
37 48 1
37 92 1
37 67 1
37 88 1
37 85 1
37 142 1
37 141 1
37 115 1
37 81 1
38 178 1
38 156 1
38 139 1
38 187 1
38 45 1
38 69 1
38 180 1
38 176 1
38 199 1
38 57 1
38 113 1
38 133 1
38 90 1
38 108 1
38 104 1
38 105 1
38 157 1
38 162 1
38 155 1
38 119 1
38 161 1
38 154 1
38 126 1
38 143 1
38 136 1
38 148 1
38 111 1
38 73 1
38 146 1
38 66 1
38 175 1
38 172 1
38 173 1
38 89 1
38 78 1
38 165 1
38 121 1
38 48 1
38 70 1
38 129 1
38 117 1
38 75 1
38 92 1
38 101 1
38 151 1
38 177 1
38 47 1
38 87 1
38 41 1
38 144 1
38 163 1
38 68 1
38 99 1
38 142 1
38 123 1
38 81 1
38 186 1
38 60 1
38 54 1
38 125 1
38 132 1
38 46 1
38 83 1
38 95 1
38 194 1
38 118 1
38 124 1
38 112 1
38 71 1
38 170 1
38 80 1
38 166 1
38 195 1
38 94 1
38 91 1
38 63 1
38 97 1
39 112 1
39 182 1
39 77 1
39 131 1
39 82 1
39 176 1
39 78 1
39 148 1
39 110 1
39 55 1
39 53 1
39 113 1
39 63 1
39 45 1
39 50 1
39 56 1
39 147 1
39 59 1
39 196 1
39 52 1
39 181 1
39 129 1
39 180 1
39 191 1
39 107 1
39 175 1
39 94 1
39 177 1
39 125 1
39 172 1
39 104 1
39 128 1
39 92 1
39 124 1
39 186 1
39 66 1
39 137 1
39 194 1
39 109 1
39 68 1
39 170 1
39 161 1
39 81 1
39 51 1
39 160 1
39 171 1
39 169 1
39 139 1
39 75 1
39 146 1
39 40 1
39 96 1
39 132 1
39 144 1
39 127 1
39 44 1
39 143 1
39 86 1
39 167 1
39 88 1
39 157 1
39 199 1
39 99 1
39 174 1
39 150 1
39 114 1
39 80 1
39 115 1
39 120 1
39 48 1
39 89 1
39 193 1
39 61 1
39 130 1
39 76 1
39 119 1
39 164 1
39 155 1
40 87 1
40 93 1
40 190 1
40 129 1
40 145 1
40 130 1
40 156 1
40 42 1
40 80 1
40 182 1
40 61 1
40 52 1
40 173 1
40 107 1
40 105 1
40 181 1
40 99 1
40 188 1
40 70 1
40 83 1
40 176 1
40 152 1
40 75 1
40 157 1
40 90 1
40 110 1
40 184 1
40 146 1
40 114 1
40 134 1
40 73 1
40 65 1
40 172 1
40 109 1
40 91 1
40 133 1
40 88 1
40 199 1
40 194 1
40 183 1
40 98 1
40 131 1
40 171 1
40 50 1
40 85 1
40 78 1
40 121 1
40 101 1
40 165 1
40 123 1
40 170 1
40 54 1
40 119 1
40 120 1
40 89 1
40 167 1
40 69 1
40 168 1
40 74 1
40 128 1
40 102 1
40 166 1
40 162 1
40 192 1
40 67 1
40 60 1
40 127 1
40 57 1
40 187 1
40 122 1
40 169 1
40 92 1
40 139 1
40 143 1
40 55 1
40 159 1
40 95 1
40 124 1
40 150 1
40 196 1
40 116 1
40 43 1
40 58 1
40 111 1
41 159 1
41 119 1
41 133 1
41 44 1
41 153 1
41 42 1
41 95 1
41 79 1
41 142 1
41 101 1
41 57 1
41 147 1
41 50 1
41 188 1
41 46 1
41 126 1
41 87 1
41 56 1
41 184 1
41 176 1
41 106 1
41 128 1
41 160 1
41 138 1
41 197 1
41 166 1
41 198 1
41 74 1
41 64 1
41 93 1
41 186 1
41 121 1
41 175 1
41 107 1
41 134 1
41 155 1
41 99 1
41 136 1
41 161 1
41 167 1
41 193 1
41 146 1
41 114 1
41 139 1
41 108 1
41 63 1
41 98 1
41 125 1
41 43 1
41 145 1
41 122 1
41 190 1
41 76 1
41 47 1
41 163 1
41 94 1
41 158 1
41 191 1
41 68 1
41 97 1
41 96 1
41 70 1
41 156 1
41 69 1
41 168 1
41 177 1
41 90 1
41 124 1
41 120 1
41 71 1
41 52 1
41 173 1
41 169 1
41 182 1
41 123 1
41 172 1
41 72 1
41 83 1
41 80 1
41 117 1
41 65 1
42 138 1
42 181 1
42 118 1
42 196 1
42 145 1
42 73 1
42 160 1
42 100 1
42 172 1
42 44 1
42 113 1
42 170 1
42 139 1
42 140 1
42 103 1
42 109 1
42 82 1
42 187 1
42 108 1
42 106 1
42 119 1
42 162 1
42 55 1
42 171 1
42 110 1
42 79 1
42 152 1
42 57 1
42 66 1
42 179 1
42 78 1
42 52 1
42 116 1
42 45 1
42 86 1
42 178 1
42 107 1
42 97 1
42 53 1
42 46 1
42 150 1
42 69 1
42 50 1
42 192 1
42 62 1
42 72 1
42 68 1
42 129 1
42 137 1
42 51 1
42 166 1
42 98 1
42 90 1
42 126 1
42 76 1
42 198 1
42 195 1
42 147 1
42 43 1
42 96 1
42 193 1
42 112 1
42 163 1
42 194 1
42 161 1
42 151 1
42 177 1
42 158 1
42 64 1
42 159 1
42 70 1
42 132 1
42 114 1
42 175 1
42 165 1
42 117 1
42 99 1
42 48 1
42 133 1
42 154 1
42 191 1
42 95 1
42 122 1
42 47 1
42 63 1
43 84 1
43 199 1
43 167 1
43 55 1
43 112 1
43 117 1
43 56 1
43 88 1
43 116 1
43 90 1
43 198 1
43 54 1
43 187 1
43 180 1
43 185 1
43 46 1
43 133 1
43 140 1
43 80 1
43 71 1
43 111 1
43 89 1
43 145 1
43 139 1
43 66 1
43 189 1
43 99 1
43 110 1
43 108 1
43 47 1
43 194 1
43 68 1
43 193 1
43 130 1
43 77 1
43 162 1
43 153 1
43 178 1
43 163 1
43 58 1
43 161 1
43 85 1
43 177 1
43 97 1
43 65 1
43 149 1
43 48 1
43 118 1
43 98 1
43 172 1
43 142 1
43 135 1
43 138 1
43 51 1
43 200 1
43 173 1
43 152 1
43 105 1
43 113 1
43 159 1
43 179 1
43 134 1
43 148 1
43 160 1
43 122 1
43 49 1
43 158 1
43 67 1
43 70 1
43 154 1
43 192 1
43 181 1
43 82 1
44 130 1
44 132 1
44 123 1
44 93 1
44 196 1
44 197 1
44 152 1
44 72 1
44 53 1
44 107 1
44 109 1
44 77 1
44 191 1
44 122 1
44 112 1
44 126 1
44 131 1
44 166 1
44 124 1
44 143 1
44 148 1
44 49 1
44 178 1
44 169 1
44 86 1
44 179 1
44 192 1
44 186 1
44 139 1
44 88 1
44 171 1
44 160 1
44 172 1
44 81 1
44 145 1
44 97 1
44 140 1
44 199 1
44 164 1
44 65 1
44 96 1
44 144 1
44 51 1
44 168 1
44 153 1
44 151 1
44 47 1
44 79 1
44 103 1
44 181 1
44 119 1
44 182 1
44 46 1
44 61 1
44 150 1
44 68 1
44 200 1
44 57 1
44 167 1
44 99 1
44 84 1
44 161 1
44 111 1
44 102 1
44 58 1
44 48 1
44 87 1
44 76 1
44 101 1
44 98 1
44 183 1
44 74 1
44 187 1
44 69 1
44 73 1
44 59 1
44 176 1
44 71 1
44 189 1
44 104 1
44 193 1
44 136 1
44 185 1
44 137 1
44 66 1
44 174 1
44 75 1
45 90 1
45 78 1
45 103 1
45 184 1
45 109 1
45 155 1
45 127 1
45 119 1
45 180 1
45 53 1
45 111 1
45 164 1
45 170 1
45 96 1
45 94 1
45 56 1
45 120 1
45 87 1
45 84 1
45 82 1
45 46 1
45 50 1
45 66 1
45 61 1
45 148 1
45 54 1
45 174 1
45 193 1
45 171 1
45 47 1
45 114 1
45 108 1
45 125 1
45 80 1
45 142 1
45 62 1
45 131 1
45 93 1
45 116 1
45 121 1
45 182 1
45 68 1
45 187 1
45 157 1
45 156 1
45 98 1
45 104 1
45 138 1
45 151 1
45 192 1
45 115 1
45 140 1
45 153 1
45 186 1
45 135 1
45 126 1
45 194 1
45 178 1
45 159 1
45 175 1
45 196 1
45 79 1
45 136 1
45 166 1
45 145 1
45 89 1
45 176 1
45 191 1
45 73 1
45 110 1
45 76 1
45 107 1
45 55 1
45 149 1
45 169 1
45 160 1
45 130 1
46 75 1
46 169 1
46 107 1
46 162 1
46 111 1
46 61 1
46 103 1
46 69 1
46 124 1
46 88 1
46 138 1
46 191 1
46 122 1
46 182 1
46 94 1
46 181 1
46 144 1
46 140 1
46 164 1
46 186 1
46 200 1
46 65 1
46 197 1
46 139 1
46 179 1
46 72 1
46 167 1
46 183 1
46 192 1
46 131 1
46 106 1
46 110 1
46 55 1
46 126 1
46 81 1
46 130 1
46 82 1
46 52 1
46 51 1
46 96 1
46 113 1
46 71 1
46 137 1
46 114 1
46 180 1
46 196 1
46 100 1
46 59 1
46 160 1
46 153 1
46 104 1
46 129 1
46 134 1
46 66 1
46 101 1
46 80 1
46 142 1
46 91 1
46 70 1
46 97 1
46 135 1
46 199 1
46 54 1
46 68 1
46 108 1
46 47 1
46 116 1
46 73 1
46 178 1
46 193 1
46 85 1
46 60 1
47 161 1
47 94 1
47 179 1
47 168 1
47 50 1
47 133 1
47 78 1
47 177 1
47 197 1
47 80 1
47 111 1
47 140 1
47 185 1
47 124 1
47 147 1
47 106 1
47 167 1
47 169 1
47 76 1
47 53 1
47 145 1
47 75 1
47 107 1
47 158 1
47 183 1
47 139 1
47 150 1
47 193 1
47 90 1
47 144 1
47 134 1
47 117 1
47 89 1
47 121 1
47 97 1
47 109 1
47 99 1
47 77 1
47 48 1
47 66 1
47 172 1
47 71 1
47 135 1
47 157 1
47 155 1
47 178 1
47 160 1
47 74 1
47 62 1
47 59 1
47 83 1
47 141 1
47 72 1
47 49 1
47 52 1
47 81 1
47 190 1
47 57 1
47 122 1
47 115 1
47 173 1
47 165 1
47 119 1
47 91 1
47 108 1
47 70 1
47 56 1
47 116 1
47 189 1
47 166 1
47 114 1
47 92 1
48 94 1
48 152 1
48 72 1
48 154 1
48 185 1
48 76 1
48 96 1
48 126 1
48 51 1
48 120 1
48 108 1
48 83 1
48 79 1
48 117 1
48 199 1
48 138 1
48 78 1
48 179 1
48 187 1
48 85 1
48 151 1
48 66 1
48 130 1
48 150 1
48 125 1
48 164 1
48 63 1
48 62 1
48 135 1
48 67 1
48 156 1
48 118 1
48 91 1
48 97 1
48 95 1
48 128 1
48 74 1
48 105 1
48 143 1
48 75 1
48 133 1
48 153 1
48 147 1
48 144 1
48 64 1
48 116 1
48 84 1
48 127 1
48 145 1
48 71 1
48 165 1
48 113 1
48 157 1
48 92 1
48 106 1
48 122 1
48 129 1
48 192 1
48 61 1
48 167 1
48 114 1
48 110 1
48 163 1
48 134 1
48 181 1
48 195 1
48 87 1
48 123 1
48 77 1
48 162 1
48 149 1
48 139 1
48 132 1
48 183 1
48 103 1
48 189 1
48 111 1
48 57 1
48 196 1
48 50 1
48 166 1
48 148 1
48 176 1
48 107 1
49 60 1
49 135 1
49 160 1
49 90 1
49 187 1
49 83 1
49 52 1
49 97 1
49 128 1
49 146 1
49 185 1
49 138 1
49 153 1
49 91 1
49 148 1
49 141 1
49 114 1
49 92 1
49 121 1
49 170 1
49 182 1
49 61 1
49 172 1
49 157 1
49 178 1
49 108 1
49 118 1
49 65 1
49 86 1
49 189 1
49 72 1
49 193 1
49 63 1
49 64 1
49 137 1
49 112 1
49 149 1
49 169 1
49 165 1
49 152 1
49 54 1
49 145 1
49 156 1
49 190 1
49 188 1
49 99 1
49 113 1
49 162 1
49 58 1
49 68 1
49 132 1
49 122 1
49 125 1
49 57 1
49 140 1
49 184 1
49 67 1
49 150 1
49 124 1
49 127 1
49 168 1
49 154 1
49 87 1
49 186 1
49 196 1
49 89 1
49 116 1
49 119 1
49 179 1
49 177 1
49 59 1
49 131 1
49 101 1
50 155 1
50 195 1
50 102 1
50 167 1
50 165 1
50 170 1
50 141 1
50 186 1
50 97 1
50 110 1
50 56 1
50 55 1
50 65 1
50 168 1
50 85 1
50 157 1
50 114 1
50 124 1
50 187 1
50 112 1
50 154 1
50 163 1
50 122 1
50 76 1
50 161 1
50 87 1
50 147 1
50 78 1
50 98 1
50 189 1
50 79 1
50 61 1
50 196 1
50 194 1
50 101 1
50 116 1
50 171 1
50 137 1
50 169 1
50 63 1
50 83 1
50 156 1
50 123 1
50 89 1
50 96 1
50 149 1
50 133 1
50 117 1
50 172 1
50 51 1
50 190 1
50 107 1
50 66 1
50 162 1
50 142 1
50 127 1
50 88 1
50 153 1
50 128 1
50 131 1
50 60 1
50 62 1
50 111 1
50 125 1
50 64 1
50 82 1
50 93 1
50 132 1
50 166 1
50 177 1
50 192 1
50 185 1
50 139 1
50 143 1
50 115 1
50 91 1
50 182 1
51 95 1
51 72 1
51 177 1
51 54 1
51 85 1
51 101 1
51 115 1
51 141 1
51 143 1
51 63 1
51 89 1
51 73 1
51 109 1
51 147 1
51 193 1
51 84 1
51 186 1
51 160 1
51 166 1
51 185 1
51 58 1
51 176 1
51 180 1
51 128 1
51 78 1
51 132 1
51 97 1
51 68 1
51 74 1
51 179 1
51 158 1
51 187 1
51 88 1
51 107 1
51 82 1
51 200 1
51 129 1
51 198 1
51 122 1
51 83 1
51 155 1
51 59 1
51 55 1
51 124 1
51 170 1
51 94 1
51 178 1
51 157 1
51 103 1
51 168 1
51 172 1
51 77 1
51 65 1
51 134 1
51 171 1
51 56 1
51 67 1
51 61 1
51 175 1
51 110 1
51 182 1
51 126 1
51 69 1
51 99 1
51 148 1
51 114 1
51 142 1
51 119 1
51 174 1
51 108 1
52 86 1
52 59 1
52 75 1
52 168 1
52 131 1
52 73 1
52 114 1
52 69 1
52 67 1
52 108 1
52 194 1
52 60 1
52 162 1
52 113 1
52 127 1
52 159 1
52 65 1
52 142 1
52 140 1
52 55 1
52 96 1
52 173 1
52 68 1
52 197 1
52 136 1
52 171 1
52 57 1
52 80 1
52 89 1
52 155 1
52 130 1
52 121 1
52 188 1
52 54 1
52 164 1
52 95 1
52 183 1
52 181 1
52 92 1
52 184 1
52 124 1
52 195 1
52 88 1
52 193 1
52 93 1
52 182 1
52 151 1
52 61 1
52 100 1
52 106 1
52 191 1
52 145 1
52 135 1
52 146 1
52 187 1
52 180 1
52 101 1
52 185 1
52 83 1
52 56 1
52 97 1
52 179 1
52 132 1
52 72 1
52 189 1
52 139 1
52 84 1
52 196 1
52 178 1
52 172 1
52 119 1
52 123 1
52 103 1
52 120 1
53 159 1
53 57 1
53 161 1
53 188 1
53 76 1
53 121 1
53 104 1
53 177 1
53 59 1
53 142 1
53 79 1
53 80 1
53 189 1
53 178 1
53 93 1
53 113 1
53 164 1
53 127 1
53 186 1
53 138 1
53 67 1
53 194 1
53 183 1
53 98 1
53 157 1
53 99 1
53 190 1
53 140 1
53 185 1
53 109 1
53 90 1
53 176 1
53 191 1
53 132 1
53 174 1
53 147 1
53 78 1
53 169 1
53 56 1
53 110 1
53 62 1
53 168 1
53 60 1
53 172 1
53 61 1
53 100 1
53 180 1
53 119 1
53 107 1
53 130 1
53 64 1
53 131 1
53 175 1
53 92 1
53 72 1
53 196 1
53 125 1
53 83 1
53 123 1
53 58 1
53 167 1
53 128 1
53 116 1
53 122 1
53 118 1
53 155 1
53 163 1
53 85 1
53 112 1
53 144 1
53 70 1
53 152 1
53 170 1
53 69 1
53 139 1
53 184 1
53 129 1
53 173 1
53 148 1
53 126 1
53 97 1
53 111 1
53 182 1
53 114 1
53 160 1
53 102 1
54 80 1
54 86 1
54 55 1
54 106 1
54 130 1
54 177 1
54 58 1
54 65 1
54 181 1
54 141 1
54 77 1
54 115 1
54 199 1
54 196 1
54 61 1
54 172 1
54 84 1
54 147 1
54 138 1
54 78 1
54 67 1
54 166 1
54 168 1
54 122 1
54 62 1
54 71 1
54 64 1
54 164 1
54 75 1
54 155 1
54 94 1
54 63 1
54 60 1
54 96 1
54 112 1
54 105 1
54 79 1
54 185 1
54 93 1
54 179 1
54 186 1
54 175 1
54 160 1
54 128 1
54 116 1
54 180 1
54 114 1
54 197 1
54 127 1
54 124 1
54 192 1
54 66 1
54 190 1
54 152 1
54 95 1
54 57 1
54 144 1
54 72 1
54 73 1
54 145 1
54 191 1
54 158 1
54 169 1
54 136 1
54 142 1
54 193 1
54 120 1
54 151 1
54 70 1
54 174 1
54 68 1
54 137 1
54 59 1
54 198 1
54 89 1
54 110 1
54 162 1
54 133 1
54 153 1
54 135 1
54 82 1
54 134 1
55 111 1
55 68 1
55 94 1
55 76 1
55 167 1
55 188 1
55 126 1
55 104 1
55 75 1
55 71 1
55 181 1
55 160 1
55 191 1
55 92 1
55 122 1
55 144 1
55 182 1
55 89 1
55 79 1
55 118 1
55 70 1
55 194 1
55 158 1
55 187 1
55 153 1
55 60 1
55 145 1
55 170 1
55 174 1
55 143 1
55 99 1
55 82 1
55 85 1
55 116 1
55 61 1
55 152 1
55 119 1
55 161 1
55 133 1
55 157 1
55 107 1
55 112 1
55 127 1
55 163 1
55 136 1
55 137 1
55 139 1
55 135 1
55 72 1
55 74 1
55 168 1
55 132 1
55 165 1
55 67 1
55 146 1
55 120 1
55 113 1
55 177 1
55 149 1
55 88 1
55 87 1
55 178 1
55 159 1
55 78 1
55 142 1
55 102 1
55 80 1
55 91 1
55 141 1
55 190 1
55 66 1
55 98 1
55 59 1
56 164 1
56 138 1
56 61 1
56 100 1
56 165 1
56 145 1
56 142 1
56 119 1
56 118 1
56 141 1
56 194 1
56 106 1
56 64 1
56 175 1
56 129 1
56 107 1
56 91 1
56 185 1
56 130 1
56 94 1
56 125 1
56 81 1
56 65 1
56 96 1
56 155 1
56 111 1
56 110 1
56 108 1
56 97 1
56 101 1
56 93 1
56 169 1
56 163 1
56 159 1
56 148 1
56 181 1
56 135 1
56 187 1
56 139 1
56 77 1
56 115 1
56 153 1
56 131 1
56 126 1
56 144 1
56 103 1
56 188 1
56 186 1
56 112 1
56 69 1
56 149 1
56 174 1
56 70 1
56 92 1
56 162 1
56 114 1
56 105 1
56 66 1
56 137 1
56 90 1
56 134 1
56 57 1
56 87 1
56 151 1
56 168 1
56 195 1
56 178 1
56 182 1
57 67 1
57 140 1
57 91 1
57 137 1
57 112 1
57 78 1
57 88 1
57 98 1
57 187 1
57 196 1
57 101 1
57 96 1
57 108 1
57 70 1
57 68 1
57 157 1
57 63 1
57 120 1
57 156 1
57 100 1
57 94 1
57 127 1
57 97 1
57 142 1
57 138 1
57 77 1
57 164 1
57 153 1
57 74 1
57 114 1
57 122 1
57 93 1
57 188 1
57 75 1
57 82 1
57 178 1
57 145 1
57 148 1
57 116 1
57 177 1
57 182 1
57 185 1
57 118 1
57 121 1
57 111 1
57 83 1
57 169 1
57 184 1
57 115 1
57 72 1
57 171 1
57 109 1
57 151 1
57 190 1
57 110 1
57 160 1
57 193 1
57 139 1
57 135 1
57 130 1
57 119 1
57 64 1
57 95 1
57 181 1
57 84 1
57 69 1
57 134 1
58 66 1
58 89 1
58 102 1
58 125 1
58 84 1
58 184 1
58 120 1
58 173 1
58 199 1
58 116 1
58 152 1
58 195 1
58 183 1
58 147 1
58 75 1
58 174 1
58 187 1
58 155 1
58 135 1
58 105 1
58 127 1
58 109 1
58 117 1
58 194 1
58 141 1
58 98 1
58 150 1
58 166 1
58 115 1
58 158 1
58 154 1
58 111 1
58 108 1
58 165 1
58 161 1
58 156 1
58 121 1
58 99 1
58 139 1
58 123 1
58 92 1
58 192 1
58 119 1
58 74 1
58 151 1
58 77 1
58 157 1
58 63 1
58 145 1
58 83 1
58 191 1
58 126 1
58 146 1
58 133 1
58 136 1
58 104 1
58 177 1
58 68 1
58 170 1
58 186 1
58 100 1
58 134 1
58 129 1
58 197 1
58 71 1
58 128 1
58 153 1
58 190 1
58 118 1
58 164 1
58 148 1
58 182 1
58 143 1
58 185 1
58 60 1
58 144 1
58 130 1
58 137 1
59 86 1
59 120 1
59 175 1
59 127 1
59 199 1
59 193 1
59 159 1
59 60 1
59 138 1
59 89 1
59 155 1
59 68 1
59 76 1
59 165 1
59 134 1
59 81 1
59 147 1
59 196 1
59 64 1
59 135 1
59 78 1
59 102 1
59 63 1
59 160 1
59 150 1
59 65 1
59 99 1
59 90 1
59 169 1
59 133 1
59 177 1
59 112 1
59 67 1
59 74 1
59 97 1
59 124 1
59 98 1
59 70 1
59 184 1
59 122 1
59 144 1
59 91 1
59 182 1
59 130 1
59 162 1
59 73 1
59 110 1
59 189 1
59 157 1
59 116 1
59 166 1
59 195 1
59 181 1
59 93 1
59 191 1
59 172 1
59 94 1
59 154 1
59 167 1
59 88 1
59 145 1
59 85 1
59 188 1
59 146 1
59 69 1
59 164 1
60 174 1
60 75 1
60 147 1
60 137 1
60 136 1
60 143 1
60 163 1
60 66 1
60 96 1
60 79 1
60 128 1
60 61 1
60 190 1
60 121 1
60 192 1
60 148 1
60 64 1
60 105 1
60 188 1
60 176 1
60 85 1
60 62 1
60 103 1
60 151 1
60 138 1
60 111 1
60 173 1
60 122 1
60 109 1
60 153 1
60 152 1
60 182 1
60 181 1
60 198 1
60 129 1
60 72 1
60 145 1
60 164 1
60 161 1
60 187 1
60 116 1
60 167 1
60 200 1
60 86 1
60 156 1
60 88 1
60 170 1
60 74 1
60 106 1
60 180 1
60 193 1
60 135 1
60 146 1
60 127 1
60 130 1
60 165 1
60 63 1
60 144 1
60 160 1
60 81 1
60 82 1
60 73 1
60 125 1
60 80 1
60 171 1
60 169 1
60 70 1
60 149 1
60 123 1
60 71 1
61 81 1
61 108 1
61 158 1
61 66 1
61 178 1
61 144 1
61 173 1
61 102 1
61 179 1
61 193 1
61 88 1
61 188 1
61 65 1
61 107 1
61 139 1
61 176 1
61 126 1
61 73 1
61 161 1
61 77 1
61 195 1
61 135 1
61 67 1
61 121 1
61 148 1
61 157 1
61 75 1
61 154 1
61 191 1
61 115 1
61 192 1
61 130 1
61 160 1
61 92 1
61 82 1
61 159 1
61 106 1
61 196 1
61 147 1
61 109 1
61 80 1
61 98 1
61 110 1
61 122 1
61 198 1
61 136 1
61 187 1
61 131 1
61 74 1
61 113 1
61 155 1
61 95 1
61 85 1
61 64 1
61 184 1
61 118 1
61 94 1
61 162 1
61 114 1
61 87 1
61 62 1
61 164 1
61 175 1
61 133 1
61 111 1
61 186 1
61 153 1
61 150 1
61 63 1
61 172 1
61 93 1
61 156 1
61 83 1
61 166 1
61 197 1
62 109 1
62 178 1
62 133 1
62 162 1
62 66 1
62 189 1
62 69 1
62 197 1
62 84 1
62 91 1
62 90 1
62 137 1
62 181 1
62 115 1
62 148 1
62 145 1
62 156 1
62 101 1
62 138 1
62 131 1
62 126 1
62 159 1
62 153 1
62 89 1
62 83 1
62 85 1
62 163 1
62 70 1
62 169 1
62 118 1
62 152 1
62 161 1
62 146 1
62 184 1
62 71 1
62 100 1
62 193 1
62 76 1
62 174 1
62 103 1
62 186 1
62 134 1
62 168 1
62 63 1
62 127 1
62 140 1
62 141 1
62 125 1
62 95 1
62 86 1
62 136 1
62 192 1
62 144 1
62 104 1
62 113 1
62 196 1
62 68 1
62 182 1
62 79 1
62 122 1
62 124 1
62 78 1
62 171 1
62 154 1
62 114 1
62 112 1
63 109 1
63 168 1
63 195 1
63 127 1
63 184 1
63 98 1
63 115 1
63 85 1
63 108 1
63 161 1
63 191 1
63 179 1
63 96 1
63 199 1
63 78 1
63 95 1
63 145 1
63 137 1
63 150 1
63 87 1
63 86 1
63 198 1
63 183 1
63 175 1
63 65 1
63 80 1
63 112 1
63 119 1
63 135 1
63 130 1
63 164 1
63 155 1
63 143 1
63 132 1
63 84 1
63 90 1
63 181 1
63 178 1
63 88 1
63 99 1
63 118 1
63 69 1
63 193 1
63 182 1
63 76 1
63 82 1
63 110 1
63 114 1
63 194 1
63 73 1
63 149 1
63 105 1
63 147 1
63 180 1
63 124 1
63 100 1
63 106 1
63 102 1
63 165 1
63 153 1
63 200 1
63 140 1
63 77 1
63 186 1
63 173 1
63 158 1
63 71 1
63 151 1
63 159 1
63 79 1
64 140 1
64 177 1
64 69 1
64 159 1
64 117 1
64 139 1
64 95 1
64 115 1
64 137 1
64 136 1
64 190 1
64 148 1
64 76 1
64 187 1
64 165 1
64 182 1
64 121 1
64 133 1
64 188 1
64 65 1
64 134 1
64 87 1
64 194 1
64 199 1
64 67 1
64 127 1
64 163 1
64 98 1
64 77 1
64 169 1
64 84 1
64 172 1
64 131 1
64 85 1
64 157 1
64 152 1
64 178 1
64 106 1
64 86 1
64 72 1
64 181 1
64 130 1
64 145 1
64 184 1
64 82 1
64 135 1
64 175 1
64 198 1
64 110 1
64 96 1
64 68 1
64 113 1
64 154 1
64 66 1
64 108 1
64 123 1
64 74 1
64 161 1
64 99 1
64 116 1
64 124 1
65 127 1
65 97 1
65 197 1
65 180 1
65 93 1
65 199 1
65 116 1
65 171 1
65 117 1
65 151 1
65 114 1
65 160 1
65 91 1
65 103 1
65 145 1
65 131 1
65 190 1
65 187 1
65 141 1
65 112 1
65 189 1
65 142 1
65 155 1
65 153 1
65 95 1
65 148 1
65 92 1
65 72 1
65 119 1
65 176 1
65 125 1
65 78 1
65 184 1
65 193 1
65 110 1
65 157 1
65 74 1
65 139 1
65 137 1
65 165 1
65 163 1
65 79 1
65 135 1
65 109 1
65 122 1
65 166 1
65 152 1
65 181 1
65 173 1
65 66 1
65 133 1
65 102 1
65 94 1
65 179 1
65 144 1
65 175 1
65 104 1
65 186 1
65 143 1
65 192 1
65 196 1
65 85 1
65 71 1
65 162 1
65 194 1
65 90 1
65 198 1
66 200 1
66 141 1
66 155 1
66 159 1
66 82 1
66 104 1
66 95 1
66 76 1
66 106 1
66 188 1
66 180 1
66 124 1
66 165 1
66 121 1
66 98 1
66 133 1
66 86 1
66 107 1
66 127 1
66 92 1
66 149 1
66 143 1
66 168 1
66 163 1
66 119 1
66 94 1
66 89 1
66 167 1
66 131 1
66 171 1
66 136 1
66 187 1
66 193 1
66 101 1
66 88 1
66 118 1
66 90 1
66 99 1
66 72 1
66 116 1
66 142 1
66 102 1
66 77 1
66 150 1
66 83 1
66 158 1
66 169 1
66 166 1
66 144 1
66 68 1
66 161 1
66 138 1
66 117 1
66 181 1
66 128 1
66 156 1
66 160 1
66 123 1
66 153 1
66 184 1
66 182 1
66 73 1
66 84 1
66 96 1
66 91 1
66 132 1
66 173 1
66 120 1
67 93 1
67 152 1
67 128 1
67 136 1
67 139 1
67 72 1
67 92 1
67 68 1
67 123 1
67 76 1
67 99 1
67 161 1
67 127 1
67 82 1
67 197 1
67 81 1
67 77 1
67 153 1
67 80 1
67 126 1
67 192 1
67 146 1
67 84 1
67 142 1
67 134 1
67 199 1
67 180 1
67 114 1
67 69 1
67 181 1
67 151 1
67 164 1
67 111 1
67 115 1
67 163 1
67 159 1
67 97 1
67 112 1
67 116 1
67 169 1
67 75 1
67 113 1
67 118 1
67 86 1
67 130 1
67 150 1
67 132 1
67 71 1
67 185 1
67 104 1
67 171 1
67 158 1
67 79 1
67 78 1
67 188 1
67 110 1
67 138 1
67 198 1
67 149 1
67 83 1
67 88 1
67 100 1
67 165 1
67 85 1
68 84 1
68 136 1
68 174 1
68 99 1
68 96 1
68 188 1
68 135 1
68 131 1
68 140 1
68 199 1
68 144 1
68 116 1
68 110 1
68 129 1
68 154 1
68 69 1
68 157 1
68 145 1
68 97 1
68 122 1
68 70 1
68 149 1
68 73 1
68 138 1
68 156 1
68 146 1
68 102 1
68 171 1
68 169 1
68 121 1
68 88 1
68 119 1
68 87 1
68 98 1
68 152 1
68 101 1
68 81 1
68 71 1
68 139 1
68 91 1
68 189 1
68 148 1
68 178 1
68 142 1
68 160 1
68 161 1
68 115 1
68 147 1
68 176 1
68 137 1
68 194 1
68 114 1
68 120 1
68 165 1
68 117 1
68 150 1
68 125 1
68 191 1
68 200 1
68 112 1
68 173 1
68 141 1
68 95 1
68 75 1
68 106 1
68 177 1
68 103 1
68 113 1
69 121 1
69 174 1
69 107 1
69 134 1
69 199 1
69 142 1
69 78 1
69 83 1
69 198 1
69 187 1
69 137 1
69 185 1
69 192 1
69 73 1
69 112 1
69 133 1
69 169 1
69 197 1
69 181 1
69 108 1
69 144 1
69 145 1
69 74 1
69 164 1
69 100 1
69 200 1
69 167 1
69 141 1
69 175 1
69 186 1
69 154 1
69 152 1
69 106 1
69 124 1
69 180 1
69 183 1
69 136 1
69 91 1
69 170 1
69 195 1
69 113 1
69 173 1
69 86 1
69 196 1
69 116 1
69 87 1
69 149 1
69 163 1
69 76 1
69 132 1
69 162 1
69 143 1
69 90 1
69 177 1
69 148 1
69 123 1
69 70 1
69 115 1
69 188 1
69 114 1
69 102 1
69 178 1
70 174 1
70 166 1
70 80 1
70 136 1
70 193 1
70 169 1
70 131 1
70 147 1
70 187 1
70 191 1
70 175 1
70 185 1
70 93 1
70 98 1
70 189 1
70 77 1
70 128 1
70 165 1
70 120 1
70 138 1
70 94 1
70 167 1
70 105 1
70 119 1
70 164 1
70 129 1
70 182 1
70 142 1
70 171 1
70 72 1
70 113 1
70 107 1
70 161 1
70 125 1
70 176 1
70 145 1
70 159 1
70 151 1
70 192 1
70 179 1
70 95 1
70 163 1
70 135 1
70 84 1
70 154 1
70 130 1
70 123 1
70 188 1
70 133 1
70 181 1
70 199 1
70 157 1
70 116 1
70 197 1
70 196 1
70 97 1
70 101 1
70 195 1
70 112 1
70 75 1
70 121 1
70 158 1
70 155 1
70 170 1
71 76 1
71 104 1
71 81 1
71 188 1
71 158 1
71 193 1
71 155 1
71 181 1
71 134 1
71 98 1
71 163 1
71 150 1
71 72 1
71 165 1
71 113 1
71 180 1
71 100 1
71 121 1
71 119 1
71 138 1
71 157 1
71 142 1
71 125 1
71 94 1
71 110 1
71 139 1
71 124 1
71 162 1
71 192 1
71 172 1
71 118 1
71 136 1
71 128 1
71 91 1
71 96 1
71 117 1
71 196 1
71 99 1
71 75 1
71 185 1
71 147 1
71 80 1
71 153 1
71 137 1
71 140 1
71 170 1
71 169 1
71 200 1
71 190 1
71 78 1
71 93 1
71 116 1
71 129 1
71 84 1
71 197 1
71 160 1
71 131 1
71 73 1
71 79 1
71 186 1
71 159 1
72 111 1
72 84 1
72 127 1
72 85 1
72 125 1
72 176 1
72 164 1
72 96 1
72 101 1
72 95 1
72 198 1
72 160 1
72 162 1
72 147 1
72 97 1
72 152 1
72 123 1
72 194 1
72 144 1
72 134 1
72 188 1
72 133 1
72 196 1
72 163 1
72 149 1
72 146 1
72 183 1
72 108 1
72 185 1
72 172 1
72 74 1
72 75 1
72 82 1
72 182 1
72 119 1
72 131 1
72 199 1
72 166 1
72 174 1
72 115 1
72 171 1
72 142 1
72 99 1
72 114 1
72 76 1
72 129 1
72 190 1
72 161 1
72 145 1
72 200 1
72 151 1
72 122 1
72 117 1
72 137 1
72 109 1
72 128 1
72 79 1
72 197 1
72 80 1
72 107 1
72 104 1
72 73 1
72 116 1
72 77 1
72 153 1
72 121 1
72 169 1
72 130 1
72 86 1
72 120 1
72 103 1
73 84 1
73 172 1
73 103 1
73 92 1
73 192 1
73 128 1
73 169 1
73 163 1
73 123 1
73 153 1
73 141 1
73 75 1
73 120 1
73 138 1
73 142 1
73 105 1
73 137 1
73 131 1
73 107 1
73 109 1
73 136 1
73 159 1
73 200 1
73 124 1
73 177 1
73 196 1
73 111 1
73 100 1
73 132 1
73 160 1
73 150 1
73 186 1
73 76 1
73 97 1
73 154 1
73 144 1
73 195 1
73 155 1
73 145 1
73 104 1
73 126 1
73 191 1
73 102 1
73 87 1
73 151 1
73 167 1
73 181 1
73 170 1
73 80 1
73 197 1
73 117 1
73 148 1
73 194 1
73 89 1
73 175 1
73 112 1
73 129 1
73 118 1
74 157 1
74 200 1
74 166 1
74 118 1
74 140 1
74 122 1
74 124 1
74 131 1
74 136 1
74 123 1
74 127 1
74 111 1
74 128 1
74 134 1
74 139 1
74 160 1
74 120 1
74 77 1
74 154 1
74 96 1
74 107 1
74 98 1
74 155 1
74 91 1
74 144 1
74 100 1
74 194 1
74 87 1
74 171 1
74 125 1
74 178 1
74 148 1
74 132 1
74 170 1
74 81 1
74 162 1
74 151 1
74 164 1
74 105 1
74 141 1
74 88 1
74 101 1
74 133 1
74 75 1
74 106 1
74 76 1
74 190 1
74 168 1
74 192 1
74 185 1
74 113 1
74 129 1
74 199 1
74 184 1
74 183 1
74 163 1
74 102 1
74 153 1
74 92 1
74 176 1
74 112 1
74 114 1
74 119 1
74 180 1
74 94 1
74 189 1
75 181 1
75 200 1
75 82 1
75 164 1
75 103 1
75 122 1
75 197 1
75 119 1
75 178 1
75 96 1
75 134 1
75 130 1
75 184 1
75 99 1
75 176 1
75 191 1
75 120 1
75 107 1
75 139 1
75 171 1
75 102 1
75 165 1
75 166 1
75 87 1
75 175 1
75 131 1
75 101 1
75 159 1
75 76 1
75 108 1
75 123 1
75 100 1
75 169 1
75 183 1
75 162 1
75 81 1
75 105 1
75 91 1
75 179 1
75 163 1
75 199 1
75 188 1
75 98 1
75 83 1
75 90 1
75 94 1
75 148 1
75 80 1
75 146 1
75 145 1
75 147 1
75 144 1
75 135 1
75 192 1
75 153 1
75 137 1
75 86 1
75 149 1
75 150 1
75 78 1
76 108 1
76 166 1
76 192 1
76 146 1
76 159 1
76 89 1
76 131 1
76 91 1
76 137 1
76 154 1
76 198 1
76 139 1
76 175 1
76 179 1
76 156 1
76 86 1
76 104 1
76 164 1
76 87 1
76 134 1
76 115 1
76 117 1
76 119 1
76 187 1
76 126 1
76 80 1
76 144 1
76 83 1
76 125 1
76 79 1
76 160 1
76 176 1
76 112 1
76 180 1
76 167 1
76 105 1
76 157 1
76 142 1
76 95 1
76 177 1
76 113 1
76 173 1
76 100 1
76 178 1
76 103 1
76 124 1
76 196 1
76 97 1
76 128 1
76 169 1
76 101 1
76 127 1
76 163 1
76 135 1
77 142 1
77 106 1
77 79 1
77 96 1
77 116 1
77 169 1
77 136 1
77 150 1
77 163 1
77 195 1
77 100 1
77 167 1
77 189 1
77 85 1
77 115 1
77 143 1
77 182 1
77 152 1
77 104 1
77 156 1
77 171 1
77 127 1
77 132 1
77 141 1
77 109 1
77 83 1
77 99 1
77 133 1
77 185 1
77 181 1
77 131 1
77 172 1
77 179 1
77 112 1
77 120 1
77 119 1
77 194 1
77 117 1
77 144 1
77 114 1
77 88 1
77 186 1
77 124 1
77 192 1
77 111 1
77 113 1
77 135 1
77 160 1
77 138 1
77 130 1
77 178 1
77 173 1
77 108 1
77 126 1
77 184 1
77 197 1
77 193 1
78 91 1
78 186 1
78 112 1
78 184 1
78 159 1
78 146 1
78 175 1
78 85 1
78 100 1
78 101 1
78 178 1
78 126 1
78 117 1
78 147 1
78 104 1
78 164 1
78 144 1
78 109 1
78 194 1
78 87 1
78 94 1
78 143 1
78 83 1
78 137 1
78 81 1
78 134 1
78 150 1
78 142 1
78 89 1
78 108 1
78 107 1
78 170 1
78 188 1
78 151 1
78 177 1
78 125 1
78 102 1
78 141 1
78 110 1
78 113 1
78 95 1
78 196 1
78 145 1
78 118 1
78 131 1
78 169 1
78 197 1
78 115 1
78 97 1
78 124 1
78 132 1
78 114 1
78 93 1
78 199 1
78 122 1
78 152 1
78 139 1
78 172 1
78 105 1
78 198 1
78 136 1
78 128 1
79 191 1
79 141 1
79 130 1
79 142 1
79 193 1
79 174 1
79 171 1
79 98 1
79 135 1
79 133 1
79 160 1
79 192 1
79 147 1
79 154 1
79 198 1
79 196 1
79 129 1
79 87 1
79 173 1
79 167 1
79 118 1
79 181 1
79 194 1
79 200 1
79 81 1
79 143 1
79 82 1
79 100 1
79 134 1
79 115 1
79 182 1
79 122 1
79 155 1
79 132 1
79 177 1
79 123 1
79 112 1
79 199 1
79 151 1
79 165 1
79 83 1
79 96 1
79 180 1
79 104 1
79 101 1
79 184 1
79 172 1
79 170 1
79 110 1
79 117 1
79 175 1
79 158 1
79 153 1
79 179 1
79 140 1
79 136 1
79 197 1
79 108 1
79 90 1
79 146 1
79 88 1
79 131 1
79 89 1
79 149 1
79 195 1
79 162 1
79 161 1
79 168 1
79 91 1
80 113 1
80 166 1
80 175 1
80 97 1
80 119 1
80 130 1
80 179 1
80 100 1
80 150 1
80 173 1
80 94 1
80 95 1
80 184 1
80 165 1
80 91 1
80 199 1
80 172 1
80 197 1
80 196 1
80 144 1
80 157 1
80 164 1
80 89 1
80 140 1
80 125 1
80 161 1
80 123 1
80 194 1
80 195 1
80 143 1
80 121 1
80 159 1
80 156 1
80 142 1
80 185 1
80 98 1
80 170 1
80 151 1
80 114 1
80 186 1
80 158 1
80 136 1
80 134 1
80 188 1
80 122 1
80 88 1
80 139 1
80 118 1
80 120 1
80 131 1
80 141 1
80 87 1
80 169 1
80 146 1
80 200 1
80 90 1
81 199 1
81 83 1
81 122 1
81 101 1
81 185 1
81 138 1
81 150 1
81 105 1
81 95 1
81 152 1
81 111 1
81 129 1
81 112 1
81 194 1
81 92 1
81 151 1
81 127 1
81 107 1
81 182 1
81 113 1
81 141 1
81 96 1
81 189 1
81 143 1
81 132 1
81 123 1
81 88 1
81 186 1
81 106 1
81 121 1
81 99 1
81 178 1
81 93 1
81 118 1
81 174 1
81 166 1
81 145 1
81 193 1
81 116 1
81 85 1
81 89 1
81 179 1
81 198 1
81 119 1
81 168 1
81 114 1
81 157 1
81 124 1
81 197 1
81 110 1
81 164 1
81 183 1
81 177 1
81 172 1
81 104 1
81 87 1
81 176 1
82 120 1
82 160 1
82 119 1
82 169 1
82 135 1
82 132 1
82 95 1
82 164 1
82 96 1
82 156 1
82 147 1
82 138 1
82 158 1
82 154 1
82 181 1
82 121 1
82 106 1
82 126 1
82 144 1
82 98 1
82 136 1
82 112 1
82 179 1
82 93 1
82 110 1
82 118 1
82 109 1
82 149 1
82 193 1
82 131 1
82 175 1
82 172 1
82 115 1
82 146 1
82 89 1
82 168 1
82 173 1
82 140 1
82 148 1
82 191 1
82 155 1
82 157 1
82 113 1
82 86 1
82 161 1
82 139 1
82 107 1
82 141 1
82 97 1
82 87 1
82 105 1
82 184 1
82 117 1
82 91 1
82 134 1
82 192 1
82 194 1
82 104 1
83 95 1
83 187 1
83 85 1
83 136 1
83 94 1
83 154 1
83 138 1
83 102 1
83 104 1
83 172 1
83 140 1
83 193 1
83 153 1
83 144 1
83 190 1
83 100 1
83 152 1
83 127 1
83 86 1
83 174 1
83 186 1
83 117 1
83 155 1
83 121 1
83 115 1
83 162 1
83 177 1
83 146 1
83 158 1
83 182 1
83 112 1
83 145 1
83 105 1
83 106 1
83 161 1
83 113 1
83 92 1
83 97 1
83 107 1
83 116 1
83 91 1
83 180 1
83 137 1
83 178 1
83 159 1
83 108 1
83 103 1
83 156 1
83 148 1
83 198 1
83 191 1
83 90 1
83 183 1
83 189 1
83 188 1
83 181 1
83 123 1
83 194 1
83 199 1
83 151 1
83 120 1
84 160 1
84 95 1
84 87 1
84 99 1
84 126 1
84 110 1
84 119 1
84 144 1
84 176 1
84 109 1
84 199 1
84 198 1
84 127 1
84 94 1
84 96 1
84 156 1
84 104 1
84 130 1
84 142 1
84 137 1
84 86 1
84 172 1
84 177 1
84 162 1
84 164 1
84 194 1
84 116 1
84 159 1
84 111 1
84 92 1
84 187 1
84 138 1
84 157 1
84 184 1
84 107 1
84 123 1
84 163 1
84 145 1
84 112 1
84 182 1
84 132 1
84 101 1
84 98 1
84 125 1
84 113 1
84 134 1
84 191 1
84 85 1
84 106 1
84 129 1
84 147 1
84 140 1
84 131 1
84 120 1
84 103 1
84 165 1
84 88 1
84 200 1
84 167 1
84 102 1
84 91 1
85 138 1
85 126 1
85 144 1
85 122 1
85 164 1
85 163 1
85 108 1
85 96 1
85 119 1
85 172 1
85 107 1
85 139 1
85 195 1
85 89 1
85 97 1
85 114 1
85 190 1
85 154 1
85 151 1
85 109 1
85 183 1
85 133 1
85 199 1
85 167 1
85 100 1
85 175 1
85 196 1
85 136 1
85 99 1
85 129 1
85 176 1
85 87 1
85 86 1
85 159 1
85 88 1
85 169 1
85 193 1
85 177 1
85 189 1
85 187 1
85 95 1
85 191 1
85 91 1
85 180 1
85 161 1
85 132 1
85 140 1
85 178 1
85 113 1
85 160 1
85 171 1
85 179 1
85 115 1
85 123 1
85 124 1
85 111 1
85 198 1
85 104 1
85 137 1
85 127 1
85 158 1
85 110 1
85 152 1
86 153 1
86 179 1
86 113 1
86 138 1
86 147 1
86 191 1
86 124 1
86 182 1
86 141 1
86 106 1
86 110 1
86 149 1
86 140 1
86 162 1
86 89 1
86 133 1
86 189 1
86 156 1
86 154 1
86 115 1
86 181 1
86 101 1
86 184 1
86 99 1
86 171 1
86 98 1
86 178 1
86 152 1
86 176 1
86 126 1
86 130 1
86 194 1
86 168 1
86 144 1
86 104 1
86 180 1
86 165 1
86 169 1
86 118 1
86 128 1
86 134 1
86 155 1
86 177 1
86 120 1
86 197 1
86 137 1
86 103 1
86 192 1
86 172 1
86 127 1
86 146 1
86 175 1
86 145 1
86 87 1
87 162 1
87 90 1
87 147 1
87 163 1
87 88 1
87 140 1
87 190 1
87 194 1
87 94 1
87 153 1
87 91 1
87 179 1
87 107 1
87 135 1
87 100 1
87 129 1
87 198 1
87 164 1
87 138 1
87 157 1
87 169 1
87 111 1
87 144 1
87 176 1
87 131 1
87 193 1
87 103 1
87 136 1
87 125 1
87 93 1
87 175 1
87 109 1
87 183 1
87 168 1
87 182 1
87 139 1
87 142 1
87 160 1
87 167 1
87 188 1
87 121 1
87 102 1
87 199 1
87 117 1
87 112 1
87 122 1
87 200 1
87 92 1
87 127 1
87 108 1
87 105 1
87 191 1
87 99 1
87 106 1
87 137 1
87 143 1
87 97 1
88 189 1
88 159 1
88 101 1
88 113 1
88 89 1
88 97 1
88 117 1
88 123 1
88 168 1
88 164 1
88 135 1
88 116 1
88 104 1
88 180 1
88 146 1
88 190 1
88 199 1
88 184 1
88 120 1
88 122 1
88 95 1
88 126 1
88 143 1
88 125 1
88 145 1
88 133 1
88 166 1
88 169 1
88 121 1
88 175 1
88 108 1
88 93 1
88 111 1
88 138 1
88 147 1
88 94 1
88 99 1
88 196 1
88 185 1
88 195 1
88 156 1
88 170 1
88 188 1
88 129 1
88 154 1
88 186 1
88 197 1
88 179 1
88 181 1
88 176 1
88 110 1
88 182 1
88 136 1
88 177 1
89 97 1
89 175 1
89 160 1
89 92 1
89 151 1
89 116 1
89 171 1
89 167 1
89 186 1
89 131 1
89 177 1
89 95 1
89 127 1
89 142 1
89 178 1
89 191 1
89 126 1
89 172 1
89 150 1
89 135 1
89 168 1
89 176 1
89 130 1
89 91 1
89 162 1
89 133 1
89 123 1
89 106 1
89 164 1
89 143 1
89 115 1
89 140 1
89 108 1
89 104 1
89 183 1
89 101 1
89 184 1
89 169 1
89 146 1
89 188 1
89 193 1
89 192 1
89 112 1
89 158 1
89 153 1
89 161 1
89 122 1
89 145 1
89 181 1
89 128 1
89 185 1
89 134 1
89 96 1
89 173 1
89 154 1
89 110 1
90 135 1
90 189 1
90 146 1
90 160 1
90 170 1
90 190 1
90 177 1
90 165 1
90 121 1
90 128 1
90 169 1
90 173 1
90 127 1
90 107 1
90 164 1
90 130 1
90 131 1
90 196 1
90 175 1
90 193 1
90 162 1
90 103 1
90 99 1
90 140 1
90 151 1
90 198 1
90 181 1
90 192 1
90 142 1
90 168 1
90 123 1
90 182 1
90 91 1
90 118 1
90 188 1
90 102 1
90 119 1
90 152 1
90 109 1
90 180 1
90 108 1
90 197 1
90 153 1
90 166 1
90 125 1
90 124 1
90 176 1
90 133 1
90 104 1
90 149 1
90 141 1
90 194 1
90 106 1
90 174 1
90 187 1
90 143 1
90 101 1
91 139 1
91 135 1
91 104 1
91 110 1
91 123 1
91 118 1
91 143 1
91 156 1
91 193 1
91 185 1
91 133 1
91 199 1
91 159 1
91 177 1
91 108 1
91 170 1
91 171 1
91 172 1
91 169 1
91 184 1
91 179 1
91 162 1
91 100 1
91 176 1
91 140 1
91 102 1
91 132 1
91 180 1
91 98 1
91 194 1
91 186 1
91 92 1
91 116 1
91 152 1
91 197 1
91 126 1
91 138 1
91 144 1
91 183 1
91 114 1
91 153 1
91 164 1
91 99 1
91 107 1
91 129 1
91 182 1
91 124 1
91 141 1
91 119 1
91 137 1
91 165 1
91 150 1
91 195 1
91 103 1
91 158 1
91 115 1
92 109 1
92 174 1
92 133 1
92 194 1
92 144 1
92 177 1
92 95 1
92 103 1
92 173 1
92 124 1
92 107 1
92 93 1
92 118 1
92 94 1
92 141 1
92 198 1
92 182 1
92 197 1
92 137 1
92 123 1
92 199 1
92 195 1
92 119 1
92 128 1
92 193 1
92 146 1
92 152 1
92 175 1
92 151 1
92 102 1
92 108 1
92 121 1
92 130 1
92 147 1
92 153 1
92 125 1
92 189 1
92 111 1
92 127 1
92 122 1
92 172 1
92 192 1
92 114 1
92 96 1
92 155 1
92 120 1
92 156 1
92 178 1
92 181 1
92 132 1
92 142 1
92 134 1
92 158 1
92 167 1
92 136 1
92 105 1
93 133 1
93 130 1
93 118 1
93 122 1
93 197 1
93 125 1
93 157 1
93 109 1
93 161 1
93 110 1
93 119 1
93 198 1
93 105 1
93 131 1
93 134 1
93 106 1
93 177 1
93 174 1
93 148 1
93 139 1
93 171 1
93 156 1
93 166 1
93 96 1
93 196 1
93 141 1
93 165 1
93 163 1
93 188 1
93 95 1
93 179 1
93 154 1
93 181 1
93 164 1
93 112 1
93 199 1
93 104 1
93 123 1
93 151 1
93 147 1
93 195 1
93 114 1
93 111 1
93 170 1
93 99 1
93 142 1
93 140 1
93 172 1
93 168 1
93 143 1
93 101 1
93 149 1
93 116 1
93 144 1
94 172 1
94 160 1
94 124 1
94 186 1
94 170 1
94 176 1
94 109 1
94 139 1
94 137 1
94 141 1
94 187 1
94 180 1
94 99 1
94 129 1
94 121 1
94 106 1
94 153 1
94 96 1
94 193 1
94 152 1
94 194 1
94 192 1
94 138 1
94 97 1
94 120 1
94 168 1
94 98 1
94 131 1
94 169 1
94 143 1
94 104 1
94 135 1
94 107 1
94 115 1
94 114 1
94 100 1
94 148 1
94 110 1
94 108 1
94 175 1
94 133 1
95 99 1
95 111 1
95 126 1
95 128 1
95 120 1
95 168 1
95 188 1
95 147 1
95 110 1
95 103 1
95 119 1
95 193 1
95 192 1
95 122 1
95 169 1
95 182 1
95 154 1
95 200 1
95 176 1
95 150 1
95 189 1
95 108 1
95 97 1
95 145 1
95 199 1
95 166 1
95 197 1
95 131 1
95 177 1
95 127 1
95 179 1
95 109 1
95 171 1
95 124 1
95 198 1
95 170 1
95 156 1
95 115 1
95 121 1
95 130 1
95 146 1
95 133 1
95 134 1
95 164 1
95 105 1
95 162 1
95 114 1
95 96 1
95 167 1
95 173 1
96 168 1
96 101 1
96 155 1
96 133 1
96 175 1
96 148 1
96 147 1
96 184 1
96 145 1
96 186 1
96 156 1
96 158 1
96 187 1
96 103 1
96 127 1
96 140 1
96 179 1
96 104 1
96 106 1
96 177 1
96 182 1
96 170 1
96 112 1
96 193 1
96 118 1
96 163 1
96 197 1
96 194 1
96 166 1
96 125 1
96 146 1
96 157 1
96 181 1
96 137 1
96 107 1
96 176 1
96 110 1
96 120 1
96 164 1
96 121 1
96 150 1
96 102 1
96 152 1
96 161 1
96 167 1
96 180 1
96 165 1
96 174 1
96 113 1
96 131 1
96 149 1
96 143 1
96 117 1
96 108 1
97 147 1
97 127 1
97 124 1
97 104 1
97 139 1
97 176 1
97 142 1
97 199 1
97 117 1
97 179 1
97 175 1
97 100 1
97 140 1
97 177 1
97 112 1
97 180 1
97 197 1
97 131 1
97 173 1
97 111 1
97 122 1
97 102 1
97 189 1
97 110 1
97 167 1
97 198 1
97 138 1
97 154 1
97 172 1
97 169 1
97 121 1
97 163 1
97 152 1
97 107 1
97 141 1
97 178 1
97 150 1
97 144 1
97 168 1
97 155 1
97 98 1
97 113 1
97 195 1
97 162 1
97 118 1
97 190 1
97 120 1
97 159 1
97 188 1
97 156 1
97 151 1
97 136 1
98 176 1
98 124 1
98 192 1
98 133 1
98 188 1
98 142 1
98 121 1
98 128 1
98 145 1
98 195 1
98 122 1
98 171 1
98 138 1
98 109 1
98 118 1
98 101 1
98 175 1
98 178 1
98 114 1
98 155 1
98 107 1
98 108 1
98 197 1
98 165 1
98 173 1
98 143 1
98 187 1
98 174 1
98 153 1
98 105 1
98 156 1
98 141 1
98 139 1
98 129 1
98 100 1
98 200 1
98 120 1
98 117 1
98 177 1
98 164 1
98 183 1
98 196 1
98 119 1
98 172 1
98 185 1
98 166 1
98 102 1
98 168 1
98 167 1
98 169 1
98 112 1
98 159 1
98 198 1
98 150 1
98 157 1
98 181 1
98 163 1
98 149 1
98 179 1
98 99 1
98 190 1
98 110 1
98 182 1
98 147 1
98 113 1
99 167 1
99 133 1
99 116 1
99 106 1
99 180 1
99 145 1
99 183 1
99 191 1
99 146 1
99 119 1
99 120 1
99 170 1
99 134 1
99 169 1
99 199 1
99 124 1
99 176 1
99 129 1
99 156 1
99 162 1
99 115 1
99 193 1
99 178 1
99 137 1
99 108 1
99 190 1
99 113 1
99 102 1
99 122 1
99 172 1
99 130 1
99 195 1
99 118 1
99 110 1
99 100 1
99 159 1
99 151 1
99 196 1
99 184 1
99 198 1
99 165 1
99 161 1
99 171 1
99 111 1
99 109 1
99 160 1
99 177 1
99 189 1
99 148 1
99 117 1
99 181 1
99 185 1
99 194 1
99 147 1
99 157 1
99 104 1
100 130 1
100 166 1
100 137 1
100 165 1
100 168 1
100 111 1
100 184 1
100 112 1
100 152 1
100 135 1
100 194 1
100 141 1
100 196 1
100 127 1
100 138 1
100 153 1
100 117 1
100 121 1
100 160 1
100 172 1
100 156 1
100 107 1
100 186 1
100 110 1
100 144 1
100 140 1
100 115 1
100 181 1
100 197 1
100 157 1
100 103 1
100 167 1
100 193 1
100 131 1
100 195 1
100 170 1
100 139 1
100 190 1
100 125 1
100 173 1
100 105 1
100 155 1
100 136 1
100 161 1
101 139 1
101 181 1
101 178 1
101 143 1
101 198 1
101 107 1
101 110 1
101 154 1
101 134 1
101 137 1
101 141 1
101 118 1
101 102 1
101 123 1
101 153 1
101 184 1
101 159 1
101 199 1
101 172 1
101 132 1
101 147 1
101 136 1
101 111 1
101 170 1
101 151 1
101 103 1
101 128 1
101 187 1
101 167 1
101 116 1
101 196 1
101 197 1
101 158 1
101 152 1
101 192 1
101 142 1
101 156 1
101 160 1
101 177 1
101 124 1
101 112 1
101 131 1
101 140 1
101 161 1
101 189 1
101 194 1
101 108 1
101 133 1
101 191 1
101 117 1
101 155 1
101 109 1
101 105 1
101 114 1
102 192 1
102 146 1
102 138 1
102 110 1
102 113 1
102 139 1
102 187 1
102 191 1
102 127 1
102 199 1
102 137 1
102 154 1
102 157 1
102 181 1
102 152 1
102 123 1
102 153 1
102 117 1
102 183 1
102 179 1
102 198 1
102 186 1
102 171 1
102 170 1
102 173 1
102 112 1
102 149 1
102 120 1
102 124 1
102 160 1
102 131 1
102 106 1
102 193 1
102 184 1
102 172 1
102 116 1
102 114 1
102 188 1
102 182 1
102 125 1
102 164 1
102 119 1
102 194 1
102 168 1
102 189 1
102 134 1
102 150 1
102 103 1
102 130 1
102 109 1
102 144 1
103 175 1
103 182 1
103 185 1
103 119 1
103 162 1
103 167 1
103 115 1
103 176 1
103 110 1
103 123 1
103 135 1
103 114 1
103 132 1
103 189 1
103 127 1
103 172 1
103 195 1
103 122 1
103 136 1
103 187 1
103 173 1
103 177 1
103 148 1
103 142 1
103 161 1
103 106 1
103 126 1
103 191 1
103 199 1
103 147 1
103 197 1
103 184 1
103 105 1
103 141 1
103 133 1
103 155 1
103 139 1
103 125 1
103 183 1
103 134 1
103 163 1
103 108 1
103 140 1
103 190 1
103 196 1
103 169 1
104 176 1
104 194 1
104 151 1
104 193 1
104 192 1
104 122 1
104 158 1
104 131 1
104 191 1
104 106 1
104 120 1
104 141 1
104 129 1
104 162 1
104 175 1
104 111 1
104 114 1
104 138 1
104 177 1
104 183 1
104 160 1
104 159 1
104 134 1
104 163 1
104 143 1
104 170 1
104 140 1
104 145 1
104 169 1
104 178 1
104 167 1
104 137 1
104 156 1
104 107 1
104 173 1
104 165 1
104 189 1
104 188 1
104 198 1
104 180 1
104 147 1
104 161 1
104 116 1
104 136 1
104 142 1
104 127 1
104 181 1
104 148 1
104 121 1
104 197 1
104 174 1
104 157 1
104 128 1
104 199 1
104 112 1
105 116 1
105 191 1
105 142 1
105 124 1
105 126 1
105 110 1
105 118 1
105 195 1
105 168 1
105 188 1
105 193 1
105 174 1
105 155 1
105 147 1
105 163 1
105 143 1
105 153 1
105 182 1
105 164 1
105 120 1
105 129 1
105 135 1
105 133 1
105 175 1
105 144 1
105 130 1
105 114 1
105 138 1
105 171 1
105 136 1
105 149 1
105 169 1
105 187 1
105 176 1
105 131 1
105 162 1
105 200 1
105 198 1
105 184 1
106 162 1
106 171 1
106 131 1
106 178 1
106 165 1
106 196 1
106 151 1
106 186 1
106 107 1
106 175 1
106 154 1
106 119 1
106 182 1
106 191 1
106 180 1
106 168 1
106 127 1
106 148 1
106 169 1
106 158 1
106 167 1
106 141 1
106 166 1
106 109 1
106 113 1
106 195 1
106 124 1
106 174 1
106 192 1
106 112 1
106 164 1
106 130 1
106 117 1
106 123 1
106 153 1
106 187 1
106 138 1
106 189 1
106 132 1
106 147 1
106 173 1
106 163 1
106 134 1
106 137 1
106 159 1
106 152 1
106 121 1
106 126 1
106 136 1
106 200 1
106 194 1
106 149 1
106 160 1
106 179 1
107 158 1
107 151 1
107 116 1
107 147 1
107 196 1
107 178 1
107 183 1
107 162 1
107 123 1
107 140 1
107 165 1
107 148 1
107 189 1
107 192 1
107 169 1
107 144 1
107 119 1
107 198 1
107 163 1
107 111 1
107 191 1
107 138 1
107 166 1
107 109 1
107 149 1
107 122 1
107 185 1
107 112 1
107 117 1
107 190 1
107 141 1
107 170 1
107 145 1
107 199 1
107 181 1
107 154 1
107 175 1
107 194 1
107 195 1
107 142 1
108 119 1
108 148 1
108 145 1
108 190 1
108 159 1
108 116 1
108 140 1
108 185 1
108 151 1
108 177 1
108 152 1
108 194 1
108 169 1
108 161 1
108 137 1
108 115 1
108 193 1
108 164 1
108 113 1
108 143 1
108 191 1
108 182 1
108 144 1
108 134 1
108 176 1
108 146 1
108 166 1
108 196 1
108 120 1
108 163 1
108 195 1
108 129 1
108 173 1
108 124 1
108 186 1
108 157 1
108 147 1
108 181 1
108 187 1
108 130 1
108 149 1
108 110 1
108 139 1
108 123 1
108 170 1
109 192 1
109 120 1
109 131 1
109 133 1
109 160 1
109 166 1
109 146 1
109 163 1
109 158 1
109 148 1
109 167 1
109 151 1
109 195 1
109 117 1
109 177 1
109 135 1
109 159 1
109 122 1
109 169 1
109 116 1
109 199 1
109 155 1
109 121 1
109 119 1
109 183 1
109 193 1
109 170 1
109 129 1
109 124 1
109 190 1
109 127 1
109 145 1
109 165 1
109 162 1
109 118 1
109 161 1
109 143 1
109 180 1
109 134 1
109 126 1
109 113 1
109 191 1
109 150 1
109 186 1
109 114 1
109 111 1
109 173 1
110 144 1
110 157 1
110 190 1
110 191 1
110 169 1
110 180 1
110 114 1
110 186 1
110 197 1
110 150 1
110 161 1
110 198 1
110 148 1
110 125 1
110 112 1
110 135 1
110 168 1
110 121 1
110 194 1
110 151 1
110 185 1
110 129 1
110 137 1
110 178 1
110 179 1
110 192 1
110 172 1
110 174 1
110 134 1
110 131 1
110 118 1
110 196 1
110 162 1
110 124 1
110 146 1
110 184 1
110 189 1
110 160 1
110 181 1
110 154 1
110 152 1
110 119 1
110 111 1
110 163 1
110 176 1
110 173 1
110 117 1
110 120 1
110 132 1
110 127 1
111 133 1
111 123 1
111 180 1
111 173 1
111 187 1
111 148 1
111 147 1
111 185 1
111 195 1
111 155 1
111 179 1
111 125 1
111 132 1
111 120 1
111 116 1
111 165 1
111 200 1
111 163 1
111 161 1
111 177 1
111 175 1
111 134 1
111 145 1
111 142 1
111 139 1
111 126 1
111 137 1
111 167 1
111 130 1
111 131 1
111 129 1
111 127 1
111 117 1
111 158 1
111 164 1
111 115 1
111 153 1
111 184 1
111 191 1
111 168 1
111 152 1
111 138 1
111 151 1
111 119 1
111 124 1
111 178 1
111 199 1
111 122 1
111 171 1
111 189 1
111 113 1
111 121 1
111 146 1
111 194 1
111 188 1
111 114 1
111 160 1
111 135 1
111 141 1
112 163 1
112 131 1
112 127 1
112 142 1
112 153 1
112 172 1
112 195 1
112 177 1
112 136 1
112 189 1
112 125 1
112 134 1
112 180 1
112 138 1
112 176 1
112 148 1
112 170 1
112 183 1
112 191 1
112 150 1
112 161 1
112 137 1
112 181 1
112 182 1
112 160 1
112 117 1
112 130 1
112 175 1
112 123 1
112 155 1
112 141 1
112 165 1
112 178 1
112 133 1
112 120 1
112 167 1
112 147 1
112 151 1
112 119 1
113 164 1
113 133 1
113 152 1
113 129 1
113 123 1
113 141 1
113 135 1
113 118 1
113 188 1
113 143 1
113 120 1
113 151 1
113 195 1
113 185 1
113 180 1
113 173 1
113 134 1
113 142 1
113 193 1
113 156 1
113 199 1
113 172 1
113 158 1
113 153 1
113 184 1
113 174 1
113 139 1
113 181 1
113 169 1
113 136 1
113 183 1
113 177 1
113 191 1
113 122 1
113 115 1
113 166 1
114 163 1
114 131 1
114 176 1
114 194 1
114 197 1
114 155 1
114 157 1
114 193 1
114 133 1
114 185 1
114 120 1
114 161 1
114 195 1
114 137 1
114 162 1
114 130 1
114 173 1
114 191 1
114 117 1
114 200 1
114 190 1
114 134 1
114 180 1
114 148 1
114 153 1
114 168 1
114 188 1
114 156 1
114 146 1
114 174 1
114 122 1
114 128 1
114 182 1
114 140 1
114 143 1
114 159 1
114 135 1
114 178 1
114 158 1
114 198 1
115 126 1
115 164 1
115 119 1
115 193 1
115 190 1
115 183 1
115 175 1
115 129 1
115 180 1
115 179 1
115 197 1
115 125 1
115 155 1
115 120 1
115 143 1
115 133 1
115 186 1
115 135 1
115 121 1
115 152 1
115 123 1
115 188 1
115 174 1
115 147 1
115 130 1
115 145 1
115 187 1
115 163 1
115 124 1
115 132 1
115 160 1
115 148 1
115 189 1
115 173 1
115 131 1
115 142 1
115 168 1
116 142 1
116 182 1
116 117 1
116 132 1
116 158 1
116 133 1
116 160 1
116 183 1
116 149 1
116 144 1
116 130 1
116 157 1
116 195 1
116 123 1
116 165 1
116 164 1
116 171 1
116 138 1
116 141 1
116 150 1
116 151 1
116 184 1
116 175 1
116 194 1
116 136 1
116 135 1
116 191 1
116 162 1
116 120 1
116 139 1
116 137 1
116 172 1
116 156 1
116 155 1
116 176 1
116 192 1
116 168 1
116 198 1
116 125 1
116 147 1
116 200 1
116 119 1
117 134 1
117 147 1
117 188 1
117 200 1
117 167 1
117 193 1
117 172 1
117 187 1
117 127 1
117 179 1
117 181 1
117 148 1
117 161 1
117 151 1
117 164 1
117 168 1
117 121 1
117 196 1
117 144 1
117 162 1
117 157 1
117 156 1
117 125 1
117 135 1
117 142 1
117 175 1
117 174 1
117 130 1
117 173 1
117 146 1
117 169 1
117 158 1
117 154 1
117 163 1
117 165 1
117 131 1
117 186 1
117 138 1
117 177 1
117 122 1
118 198 1
118 167 1
118 184 1
118 145 1
118 166 1
118 123 1
118 137 1
118 196 1
118 121 1
118 188 1
118 160 1
118 165 1
118 195 1
118 191 1
118 125 1
118 175 1
118 183 1
118 143 1
118 168 1
118 130 1
118 159 1
118 138 1
118 151 1
118 141 1
118 122 1
118 152 1
118 179 1
118 140 1
118 148 1
118 170 1
118 150 1
118 178 1
118 161 1
118 133 1
118 189 1
118 169 1
118 182 1
118 200 1
118 162 1
119 141 1
119 197 1
119 193 1
119 196 1
119 180 1
119 190 1
119 165 1
119 176 1
119 152 1
119 121 1
119 194 1
119 131 1
119 139 1
119 160 1
119 157 1
119 153 1
119 124 1
119 136 1
119 146 1
119 150 1
119 123 1
119 162 1
119 177 1
119 191 1
119 151 1
119 199 1
119 200 1
119 183 1
119 148 1
119 126 1
119 144 1
119 155 1
119 163 1
119 147 1
119 132 1
119 149 1
119 137 1
120 160 1
120 137 1
120 145 1
120 122 1
120 161 1
120 185 1
120 151 1
120 136 1
120 132 1
120 153 1
120 171 1
120 130 1
120 190 1
120 196 1
120 189 1
120 176 1
120 187 1
120 200 1
120 129 1
120 162 1
120 198 1
120 140 1
120 138 1
120 193 1
120 154 1
120 173 1
120 199 1
120 134 1
120 177 1
120 178 1
120 166 1
120 135 1
120 121 1
120 152 1
120 147 1
120 164 1
120 159 1
120 172 1
120 184 1
120 142 1
121 144 1
121 156 1
121 194 1
121 132 1
121 184 1
121 188 1
121 129 1
121 183 1
121 123 1
121 128 1
121 135 1
121 155 1
121 186 1
121 141 1
121 146 1
121 197 1
121 139 1
121 126 1
121 131 1
121 163 1
121 133 1
121 157 1
121 161 1
121 171 1
121 158 1
121 149 1
121 199 1
121 134 1
121 136 1
121 189 1
121 176 1
121 182 1
121 195 1
121 122 1
121 178 1
121 193 1
121 166 1
121 173 1
121 169 1
121 167 1
121 138 1
121 180 1
121 200 1
121 190 1
122 139 1
122 152 1
122 177 1
122 179 1
122 200 1
122 157 1
122 160 1
122 193 1
122 191 1
122 175 1
122 148 1
122 163 1
122 155 1
122 154 1
122 136 1
122 180 1
122 129 1
122 171 1
122 144 1
122 164 1
122 178 1
122 187 1
122 199 1
122 128 1
122 159 1
122 165 1
122 140 1
122 169 1
122 194 1
122 145 1
122 125 1
122 174 1
122 151 1
122 147 1
122 137 1
122 185 1
122 133 1
123 190 1
123 183 1
123 138 1
123 147 1
123 124 1
123 188 1
123 164 1
123 162 1
123 148 1
123 133 1
123 146 1
123 126 1
123 185 1
123 175 1
123 154 1
123 193 1
123 199 1
123 192 1
123 197 1
123 200 1
123 179 1
123 184 1
123 173 1
123 132 1
123 172 1
123 159 1
123 174 1
123 152 1
123 128 1
123 182 1
123 176 1
123 150 1
123 195 1
123 170 1
123 198 1
123 187 1
123 140 1
123 157 1
123 167 1
123 169 1
123 129 1
124 175 1
124 158 1
124 127 1
124 200 1
124 176 1
124 196 1
124 185 1
124 162 1
124 169 1
124 136 1
124 192 1
124 147 1
124 144 1
124 177 1
124 163 1
124 190 1
124 152 1
124 130 1
124 178 1
124 179 1
124 128 1
124 164 1
124 188 1
124 137 1
124 132 1
124 180 1
124 155 1
124 161 1
124 191 1
124 173 1
124 171 1
124 174 1
124 142 1
124 150 1
124 189 1
124 170 1
124 187 1
124 135 1
124 186 1
124 184 1
124 199 1
124 156 1
125 195 1
125 199 1
125 197 1
125 171 1
125 149 1
125 167 1
125 183 1
125 161 1
125 193 1
125 155 1
125 154 1
125 184 1
125 200 1
125 170 1
125 130 1
125 185 1
125 175 1
125 127 1
125 182 1
125 151 1
125 158 1
125 194 1
125 135 1
125 129 1
125 134 1
125 150 1
125 159 1
125 174 1
125 163 1
125 131 1
125 192 1
125 190 1
125 166 1
125 157 1
125 187 1
125 141 1
125 172 1
125 132 1
126 200 1
126 151 1
126 148 1
126 156 1
126 135 1
126 185 1
126 169 1
126 165 1
126 128 1
126 188 1
126 181 1
126 127 1
126 180 1
126 134 1
126 178 1
126 154 1
126 137 1
126 129 1
126 197 1
126 143 1
126 190 1
126 157 1
126 161 1
126 144 1
126 131 1
126 177 1
126 150 1
126 168 1
126 163 1
126 175 1
126 136 1
126 166 1
126 158 1
126 183 1
126 192 1
126 130 1
126 173 1
126 194 1
127 131 1
127 173 1
127 130 1
127 180 1
127 193 1
127 143 1
127 165 1
127 141 1
127 174 1
127 183 1
127 198 1
127 140 1
127 153 1
127 178 1
127 145 1
127 168 1
127 167 1
127 134 1
127 194 1
127 163 1
127 176 1
127 160 1
127 161 1
127 190 1
127 149 1
127 195 1
127 148 1
127 139 1
127 137 1
127 151 1
127 197 1
128 140 1
128 197 1
128 184 1
128 185 1
128 195 1
128 161 1
128 137 1
128 146 1
128 166 1
128 129 1
128 152 1
128 151 1
128 196 1
128 186 1
128 173 1
128 190 1
128 169 1
128 174 1
128 143 1
128 168 1
128 144 1
128 187 1
128 191 1
128 138 1
128 170 1
128 177 1
128 193 1
128 172 1
128 189 1
128 131 1
128 147 1
128 134 1
129 148 1
129 135 1
129 159 1
129 181 1
129 131 1
129 137 1
129 133 1
129 136 1
129 169 1
129 130 1
129 154 1
129 152 1
129 186 1
129 191 1
129 140 1
129 156 1
129 155 1
129 185 1
129 188 1
129 143 1
129 187 1
129 141 1
129 166 1
129 182 1
129 146 1
129 195 1
129 150 1
129 170 1
129 138 1
129 194 1
129 147 1
129 139 1
129 192 1
129 153 1
129 168 1
129 171 1
129 160 1
130 143 1
130 165 1
130 174 1
130 137 1
130 149 1
130 154 1
130 132 1
130 136 1
130 189 1
130 192 1
130 169 1
130 193 1
130 158 1
130 145 1
130 172 1
130 185 1
130 147 1
130 160 1
130 164 1
130 183 1
130 180 1
130 148 1
130 159 1
130 194 1
130 197 1
130 178 1
130 173 1
130 152 1
130 141 1
130 182 1
130 134 1
130 155 1
130 151 1
130 200 1
131 143 1
131 146 1
131 172 1
131 152 1
131 157 1
131 141 1
131 162 1
131 136 1
131 150 1
131 195 1
131 182 1
131 151 1
131 190 1
131 180 1
131 186 1
131 177 1
131 189 1
131 168 1
131 200 1
131 183 1
131 166 1
131 147 1
131 169 1
131 173 1
131 161 1
131 148 1
131 199 1
131 192 1
131 171 1
131 196 1
131 142 1
131 144 1
131 188 1
131 149 1
132 196 1
132 152 1
132 184 1
132 138 1
132 176 1
132 192 1
132 169 1
132 181 1
132 194 1
132 185 1
132 155 1
132 140 1
132 174 1
132 163 1
132 187 1
132 180 1
132 142 1
132 199 1
132 198 1
132 159 1
132 144 1
132 165 1
132 143 1
132 134 1
132 153 1
132 139 1
132 164 1
132 191 1
132 148 1
132 151 1
132 141 1
132 177 1
133 148 1
133 192 1
133 142 1
133 183 1
133 172 1
133 150 1
133 176 1
133 197 1
133 139 1
133 164 1
133 167 1
133 170 1
133 196 1
133 159 1
133 169 1
133 174 1
133 199 1
133 187 1
133 137 1
133 165 1
133 168 1
133 184 1
133 171 1
133 178 1
133 190 1
133 153 1
133 200 1
133 162 1
133 155 1
133 158 1
133 136 1
133 191 1
133 198 1
133 173 1
133 156 1
134 141 1
134 181 1
134 200 1
134 148 1
134 191 1
134 180 1
134 158 1
134 192 1
134 151 1
134 195 1
134 177 1
134 194 1
134 149 1
134 142 1
134 196 1
134 182 1
134 140 1
134 170 1
134 176 1
134 174 1
134 190 1
134 179 1
134 175 1
134 137 1
134 164 1
134 159 1
134 188 1
134 163 1
134 154 1
134 152 1
134 157 1
134 156 1
134 193 1
134 178 1
134 187 1
134 172 1
134 146 1
134 184 1
134 147 1
135 161 1
135 195 1
135 176 1
135 138 1
135 184 1
135 142 1
135 182 1
135 169 1
135 197 1
135 194 1
135 139 1
135 188 1
135 174 1
135 166 1
135 196 1
135 145 1
135 190 1
135 170 1
135 137 1
135 171 1
135 162 1
135 159 1
135 136 1
135 192 1
135 200 1
135 147 1
135 180 1
135 141 1
135 172 1
135 146 1
135 179 1
135 181 1
136 198 1
136 186 1
136 195 1
136 143 1
136 153 1
136 140 1
136 173 1
136 150 1
136 137 1
136 172 1
136 192 1
136 155 1
136 182 1
136 189 1
136 167 1
136 196 1
136 199 1
136 168 1
136 179 1
136 174 1
136 175 1
136 161 1
136 184 1
136 166 1
136 156 1
136 149 1
136 165 1
136 180 1
136 144 1
136 141 1
136 191 1
136 183 1
136 170 1
136 178 1
136 138 1
136 142 1
136 147 1
136 162 1
137 151 1
137 156 1
137 171 1
137 199 1
137 163 1
137 150 1
137 166 1
137 197 1
137 191 1
137 195 1
137 168 1
137 143 1
137 190 1
137 145 1
137 162 1
137 183 1
137 149 1
137 200 1
137 138 1
137 180 1
137 146 1
137 182 1
137 181 1
137 173 1
137 175 1
137 192 1
137 176 1
138 166 1
138 190 1
138 186 1
138 147 1
138 146 1
138 172 1
138 180 1
138 145 1
138 196 1
138 177 1
138 154 1
138 181 1
138 164 1
138 185 1
138 159 1
138 197 1
138 156 1
138 187 1
138 191 1
138 148 1
138 162 1
138 169 1
138 178 1
138 161 1
138 189 1
138 158 1
138 194 1
138 157 1
138 150 1
138 160 1
138 167 1
138 179 1
139 181 1
139 152 1
139 163 1
139 159 1
139 167 1
139 172 1
139 180 1
139 144 1
139 148 1
139 141 1
139 143 1
139 198 1
139 195 1
139 183 1
139 176 1
139 182 1
139 158 1
139 175 1
139 174 1
139 173 1
139 149 1
139 156 1
139 192 1
139 185 1
140 152 1
140 158 1
140 167 1
140 144 1
140 153 1
140 171 1
140 191 1
140 159 1
140 154 1
140 155 1
140 182 1
140 150 1
140 149 1
140 141 1
140 183 1
140 156 1
140 173 1
140 178 1
140 196 1
140 166 1
140 184 1
140 179 1
140 193 1
140 189 1
140 172 1
140 199 1
141 167 1
141 191 1
141 160 1
141 165 1
141 179 1
141 178 1
141 195 1
141 198 1
141 175 1
141 192 1
141 150 1
141 153 1
141 180 1
141 166 1
141 170 1
141 173 1
141 196 1
141 169 1
141 149 1
141 157 1
141 199 1
141 174 1
141 176 1
141 148 1
141 164 1
141 193 1
141 156 1
141 143 1
141 183 1
141 158 1
141 147 1
142 184 1
142 194 1
142 186 1
142 178 1
142 153 1
142 200 1
142 179 1
142 159 1
142 150 1
142 180 1
142 188 1
142 158 1
142 183 1
142 199 1
142 195 1
142 170 1
142 143 1
142 173 1
142 192 1
142 191 1
142 147 1
142 151 1
142 146 1
142 174 1
142 196 1
142 156 1
142 167 1
142 163 1
142 148 1
142 160 1
142 162 1
142 155 1
143 189 1
143 177 1
143 198 1
143 188 1
143 150 1
143 200 1
143 186 1
143 147 1
143 194 1
143 184 1
143 149 1
143 162 1
143 199 1
143 168 1
143 192 1
143 197 1
143 172 1
143 163 1
143 169 1
143 174 1
143 178 1
143 196 1
143 158 1
143 152 1
143 166 1
143 179 1
143 193 1
143 176 1
143 171 1
143 151 1
143 161 1
143 187 1
143 190 1
143 145 1
143 164 1
144 166 1
144 170 1
144 153 1
144 177 1
144 191 1
144 152 1
144 151 1
144 160 1
144 176 1
144 200 1
144 182 1
144 154 1
144 195 1
144 186 1
144 157 1
144 150 1
144 198 1
144 185 1
144 173 1
144 147 1
144 159 1
144 161 1
144 197 1
144 199 1
144 193 1
144 189 1
144 175 1
144 148 1
144 145 1
145 146 1
145 163 1
145 162 1
145 151 1
145 167 1
145 165 1
145 192 1
145 173 1
145 169 1
145 199 1
145 184 1
145 176 1
145 148 1
145 189 1
145 158 1
145 179 1
145 160 1
145 188 1
145 168 1
145 175 1
145 182 1
145 195 1
145 152 1
145 159 1
145 197 1
145 156 1
146 193 1
146 187 1
146 185 1
146 173 1
146 191 1
146 155 1
146 189 1
146 178 1
146 188 1
146 181 1
146 162 1
146 183 1
146 195 1
146 174 1
146 192 1
146 161 1
146 157 1
146 172 1
146 163 1
146 170 1
146 199 1
146 184 1
146 165 1
146 168 1
146 167 1
146 166 1
146 149 1
146 186 1
146 153 1
146 180 1
146 177 1
146 179 1
146 182 1
146 160 1
146 158 1
147 199 1
147 195 1
147 190 1
147 159 1
147 148 1
147 173 1
147 181 1
147 177 1
147 172 1
147 167 1
147 153 1
147 151 1
147 170 1
147 174 1
147 189 1
147 179 1
147 197 1
147 164 1
147 182 1
147 160 1
147 188 1
147 175 1
147 165 1
147 161 1
147 186 1
148 160 1
148 173 1
148 156 1
148 150 1
148 182 1
148 190 1
148 166 1
148 194 1
148 187 1
148 151 1
148 167 1
148 197 1
148 161 1
148 184 1
148 162 1
148 149 1
148 172 1
148 177 1
148 179 1
148 152 1
148 185 1
148 176 1
148 164 1
148 155 1
148 189 1
148 198 1
148 170 1
148 195 1
148 196 1
148 180 1
148 181 1
148 174 1
148 154 1
148 153 1
149 160 1
149 151 1
149 152 1
149 180 1
149 196 1
149 170 1
149 189 1
149 182 1
149 169 1
149 197 1
149 179 1
149 171 1
149 184 1
149 198 1
149 150 1
149 199 1
149 161 1
149 186 1
149 200 1
149 158 1
149 183 1
149 194 1
149 193 1
149 166 1
150 161 1
150 151 1
150 164 1
150 154 1
150 197 1
150 163 1
150 157 1
150 172 1
150 194 1
150 152 1
150 175 1
150 183 1
150 170 1
150 196 1
150 174 1
150 178 1
150 166 1
150 187 1
150 182 1
150 195 1
150 159 1
150 158 1
151 174 1
151 159 1
151 164 1
151 162 1
151 199 1
151 185 1
151 193 1
151 160 1
151 197 1
151 182 1
151 191 1
151 183 1
151 189 1
151 198 1
151 200 1
151 195 1
151 156 1
151 196 1
151 170 1
151 177 1
151 154 1
151 172 1
151 176 1
151 178 1
151 165 1
152 177 1
152 171 1
152 153 1
152 200 1
152 158 1
152 178 1
152 189 1
152 160 1
152 169 1
152 191 1
152 156 1
152 172 1
152 157 1
152 198 1
152 165 1
152 197 1
152 199 1
152 175 1
152 168 1
152 159 1
152 176 1
152 163 1
152 185 1
152 162 1
152 194 1
152 192 1
152 187 1
152 154 1
152 184 1
153 175 1
153 182 1
153 193 1
153 181 1
153 197 1
153 173 1
153 159 1
153 172 1
153 160 1
153 165 1
153 167 1
153 155 1
153 177 1
153 171 1
153 157 1
153 162 1
153 194 1
153 199 1
153 186 1
153 185 1
153 166 1
153 178 1
153 163 1
153 192 1
154 179 1
154 168 1
154 172 1
154 194 1
154 178 1
154 188 1
154 166 1
154 169 1
154 161 1
154 186 1
154 199 1
154 198 1
154 159 1
154 155 1
154 183 1
154 164 1
154 190 1
154 191 1
154 189 1
154 184 1
154 187 1
154 157 1
155 176 1
155 200 1
155 164 1
155 197 1
155 166 1
155 186 1
155 194 1
155 169 1
155 163 1
155 180 1
155 158 1
155 189 1
155 173 1
155 195 1
155 168 1
155 178 1
155 171 1
155 198 1
155 172 1
156 165 1
156 186 1
156 182 1
156 170 1
156 197 1
156 169 1
156 188 1
156 190 1
156 172 1
156 199 1
156 168 1
156 177 1
156 185 1
156 174 1
156 159 1
156 178 1
156 196 1
156 161 1
156 194 1
156 180 1
156 158 1
157 176 1
157 158 1
157 192 1
157 196 1
157 188 1
157 166 1
157 200 1
157 164 1
157 184 1
157 190 1
157 177 1
157 187 1
157 169 1
157 193 1
157 198 1
157 162 1
157 195 1
157 163 1
157 181 1
157 179 1
157 171 1
157 160 1
158 200 1
158 169 1
158 168 1
158 171 1
158 161 1
158 193 1
158 176 1
158 186 1
158 162 1
158 177 1
158 173 1
158 192 1
158 188 1
158 167 1
158 199 1
158 194 1
158 195 1
158 180 1
158 160 1
158 182 1
158 197 1
158 181 1
158 174 1
159 170 1
159 188 1
159 194 1
159 176 1
159 185 1
159 169 1
159 184 1
159 187 1
159 167 1
159 163 1
159 162 1
159 180 1
159 168 1
159 179 1
159 200 1
159 189 1
159 160 1
159 173 1
159 165 1
159 196 1
159 183 1
159 192 1
160 198 1
160 179 1
160 192 1
160 166 1
160 169 1
160 194 1
160 173 1
160 193 1
160 189 1
160 180 1
160 184 1
160 197 1
160 164 1
160 183 1
160 162 1
160 191 1
160 178 1
160 163 1
160 174 1
160 171 1
160 187 1
161 174 1
161 197 1
161 177 1
161 170 1
161 189 1
161 181 1
161 198 1
161 185 1
161 200 1
161 184 1
161 176 1
161 193 1
161 168 1
161 169 1
161 164 1
161 180 1
161 162 1
161 195 1
161 178 1
161 167 1
161 172 1
161 163 1
161 196 1
162 185 1
162 176 1
162 189 1
162 188 1
162 191 1
162 183 1
162 195 1
162 179 1
162 172 1
162 164 1
162 197 1
162 171 1
162 167 1
162 193 1
162 177 1
162 187 1
162 192 1
162 186 1
163 181 1
163 183 1
163 197 1
163 198 1
163 178 1
163 187 1
163 184 1
163 191 1
163 165 1
163 195 1
163 171 1
163 189 1
163 173 1
163 164 1
163 167 1
163 196 1
163 168 1
163 186 1
163 177 1
163 176 1
163 179 1
164 189 1
164 186 1
164 194 1
164 172 1
164 166 1
164 185 1
164 197 1
164 193 1
164 179 1
164 187 1
164 170 1
164 167 1
164 198 1
164 195 1
164 200 1
164 175 1
164 191 1
164 196 1
165 182 1
165 197 1
165 198 1
165 185 1
165 172 1
165 174 1
165 178 1
165 200 1
165 199 1
165 175 1
165 167 1
165 170 1
165 171 1
165 192 1
165 169 1
166 197 1
166 183 1
166 196 1
166 195 1
166 179 1
166 175 1
166 192 1
166 200 1
166 198 1
166 171 1
166 188 1
166 181 1
166 193 1
166 189 1
166 182 1
166 169 1
167 184 1
167 173 1
167 197 1
167 194 1
167 182 1
167 171 1
167 185 1
167 199 1
167 181 1
167 190 1
167 183 1
167 169 1
167 174 1
167 178 1
167 186 1
167 187 1
167 200 1
167 192 1
168 174 1
168 199 1
168 197 1
168 196 1
168 173 1
168 198 1
168 183 1
168 184 1
168 176 1
168 182 1
168 191 1
168 172 1
168 175 1
168 187 1
169 185 1
169 176 1
169 197 1
169 186 1
169 184 1
169 180 1
169 177 1
169 178 1
169 172 1
169 171 1
169 195 1
170 185 1
170 182 1
170 191 1
170 187 1
170 198 1
170 199 1
170 186 1
170 175 1
170 196 1
170 200 1
170 194 1
170 176 1
170 190 1
170 193 1
171 184 1
171 173 1
171 183 1
171 199 1
171 177 1
171 176 1
171 195 1
171 194 1
171 181 1
171 185 1
171 192 1
171 186 1
171 189 1
171 188 1
172 198 1
172 179 1
172 191 1
172 195 1
172 199 1
172 173 1
172 177 1
172 187 1
172 200 1
172 197 1
172 178 1
172 176 1
172 185 1
173 188 1
173 198 1
173 190 1
173 192 1
173 191 1
173 197 1
173 181 1
173 194 1
173 174 1
174 184 1
174 195 1
174 183 1
174 188 1
174 177 1
174 197 1
174 194 1
174 179 1
174 192 1
174 180 1
174 200 1
175 185 1
175 190 1
175 192 1
175 191 1
175 196 1
175 198 1
175 193 1
175 188 1
175 179 1
175 189 1
175 187 1
175 177 1
175 184 1
175 182 1
175 186 1
175 183 1
176 186 1
176 189 1
176 178 1
176 193 1
176 188 1
176 192 1
176 183 1
176 198 1
176 182 1
176 190 1
177 190 1
177 200 1
177 179 1
177 194 1
177 186 1
177 187 1
177 188 1
177 195 1
177 181 1
177 192 1
177 199 1
177 197 1
177 196 1
178 199 1
178 183 1
178 198 1
178 200 1
178 197 1
178 194 1
178 180 1
178 192 1
178 187 1
178 190 1
178 179 1
179 181 1
179 199 1
179 197 1
179 200 1
179 192 1
179 184 1
179 198 1
179 183 1
180 184 1
180 183 1
180 192 1
180 181 1
180 191 1
180 197 1
180 199 1
180 187 1
180 186 1
180 200 1
181 192 1
181 184 1
181 187 1
181 195 1
181 193 1
181 191 1
181 196 1
181 186 1
181 198 1
181 194 1
181 190 1
181 199 1
181 182 1
181 197 1
182 199 1
182 187 1
182 189 1
182 188 1
182 197 1
182 194 1
182 186 1
183 187 1
183 191 1
183 190 1
183 186 1
183 195 1
183 184 1
183 185 1
183 199 1
183 197 1
183 196 1
184 192 1
184 195 1
184 186 1
184 193 1
185 195 1
185 188 1
185 198 1
185 193 1
186 198 1
186 191 1
186 187 1
186 193 1
186 199 1
186 188 1
186 190 1
186 189 1
186 192 1
186 194 1
186 196 1
186 197 1
187 190 1
187 189 1
187 197 1
187 195 1
187 192 1
187 193 1
187 194 1
187 196 1
188 193 1
188 195 1
188 189 1
188 190 1
188 192 1
188 199 1
188 191 1
189 197 1
189 190 1
189 200 1
189 194 1
189 199 1
190 198 1
190 191 1
190 200 1
190 192 1
190 195 1
190 196 1
190 199 1
190 197 1
191 194 1
191 198 1
191 193 1
191 197 1
191 200 1
192 193 1
192 196 1
193 194 1
193 198 1
194 196 1
194 197 1
194 200 1
194 198 1
195 196 1
195 200 1
195 197 1
197 198 1
197 199 1
198 199 1
199 200 1
